#format table ## [Custom WaveView] saved 16:10:58 Mon May 19 2025
TIME v(fext_diff1) v(fext_diff2) v(fext_diff3) v(fext_diff4) v(fext_diff5) v(next_diff1) v(next_diff2) v(next_diff3) v(next_diff4) v(next_diff5) 
 0.000E+00  4.092E-06 -1.989E-05 -1.573E-05  2.553E-04  9.327E-05  3.221E-05  8.510E-06 -7.475E-05 -2.966E-05 -3.727E-05 
 1.000E-12  4.091E-06 -1.989E-05 -1.573E-05  2.553E-04  9.327E-05  3.221E-05  8.510E-06 -7.474E-05 -2.967E-05 -3.727E-05 
 2.000E-12  4.091E-06 -1.989E-05 -1.573E-05  2.553E-04  9.327E-05  3.221E-05  8.510E-06 -7.474E-05 -2.967E-05 -3.727E-05 
 5.200E-12  4.091E-06 -1.989E-05 -1.573E-05  2.553E-04  9.327E-05  3.221E-05  8.510E-06 -7.474E-05 -2.967E-05 -3.727E-05 
 1.544E-11  4.091E-06 -1.989E-05 -1.573E-05  2.553E-04  9.327E-05  3.221E-05  8.510E-06 -7.474E-05 -2.967E-05 -3.727E-05 
 2.500E-11  4.091E-06 -1.989E-05 -1.573E-05  2.553E-04  9.327E-05  3.221E-05  8.510E-06 -7.474E-05 -2.966E-05 -3.727E-05 
 2.523E-11  4.091E-06 -1.989E-05 -1.573E-05  2.553E-04  9.327E-05  3.221E-05  8.510E-06 -7.474E-05 -2.966E-05 -3.727E-05 
 2.559E-11  4.091E-06 -1.989E-05 -1.573E-05  2.553E-04  9.327E-05  3.221E-05  8.510E-06 -7.474E-05 -2.966E-05 -3.727E-05 
 2.672E-11  4.091E-06 -1.989E-05 -1.573E-05  2.553E-04  9.327E-05  3.221E-05  8.510E-06 -7.474E-05 -2.966E-05 -3.727E-05 
 3.035E-11  4.091E-06 -1.989E-05 -1.573E-05  2.553E-04  9.327E-05  3.221E-05  8.510E-06 -7.474E-05 -2.966E-05 -3.727E-05 
 4.195E-11  4.091E-06 -1.989E-05 -1.573E-05  2.553E-04  9.327E-05  3.221E-05  8.510E-06 -7.474E-05 -2.967E-05 -3.727E-05 
 7.195E-11  4.091E-06 -1.989E-05 -1.573E-05  2.553E-04  9.327E-05  3.221E-05  8.510E-06 -7.474E-05 -2.966E-05 -3.727E-05 
 1.019E-10  4.091E-06 -1.989E-05 -1.573E-05  2.553E-04  9.327E-05  3.221E-05  8.510E-06 -7.474E-05 -2.967E-05 -3.727E-05 
 1.319E-10  4.091E-06 -1.989E-05 -1.573E-05  2.553E-04  9.327E-05  3.221E-05  8.510E-06 -7.474E-05 -2.967E-05 -3.727E-05 
 1.619E-10  4.091E-06 -1.989E-05 -1.573E-05  2.553E-04  9.327E-05  3.221E-05  8.510E-06 -7.474E-05 -2.967E-05 -3.727E-05 
 1.919E-10  4.091E-06 -1.989E-05 -1.573E-05  2.553E-04  9.327E-05  3.221E-05  8.510E-06 -7.474E-05 -2.966E-05 -3.727E-05 
 2.219E-10  4.091E-06 -1.989E-05 -1.573E-05  2.553E-04  9.327E-05  3.221E-05  8.510E-06 -7.474E-05 -2.967E-05 -3.727E-05 
 2.519E-10  4.091E-06 -1.989E-05 -1.573E-05  2.553E-04  9.327E-05  3.221E-05  8.511E-06 -7.474E-05 -2.967E-05 -3.727E-05 
 2.819E-10  4.091E-06 -1.989E-05 -1.573E-05  2.553E-04  9.327E-05  3.221E-05  8.510E-06 -7.474E-05 -2.967E-05 -3.727E-05 
 3.119E-10  4.090E-06 -1.989E-05 -1.573E-05  2.553E-04  9.327E-05  3.221E-05  8.511E-06 -7.474E-05 -2.966E-05 -3.727E-05 
 3.419E-10  4.088E-06 -1.989E-05 -1.573E-05  2.553E-04  9.327E-05  3.221E-05  8.510E-06 -7.474E-05 -2.966E-05 -3.727E-05 
 3.719E-10  4.090E-06 -1.989E-05 -1.573E-05  2.553E-04  9.327E-05  3.221E-05  8.510E-06 -7.474E-05 -2.966E-05 -3.727E-05 
 4.019E-10  4.091E-06 -1.989E-05 -1.573E-05  2.553E-04  9.327E-05  3.221E-05  8.510E-06 -7.474E-05 -2.966E-05 -3.727E-05 
 4.319E-10  4.090E-06 -1.989E-05 -1.572E-05  2.553E-04  9.327E-05  3.221E-05  8.510E-06 -7.474E-05 -2.966E-05 -3.727E-05 
 4.619E-10  4.090E-06 -1.989E-05 -1.573E-05  2.553E-04  9.327E-05  3.221E-05  8.510E-06 -7.474E-05 -2.966E-05 -3.727E-05 
 4.919E-10  4.091E-06 -1.989E-05 -1.573E-05  2.553E-04  9.327E-05  3.221E-05  8.511E-06 -7.474E-05 -2.966E-05 -3.727E-05 
 4.994E-10  4.091E-06 -1.989E-05 -1.573E-05  2.553E-04  9.327E-05  3.221E-05  8.511E-06 -7.474E-05 -2.966E-05 -3.727E-05 
 5.009E-10  3.443E-06 -2.041E-05 -1.525E-05  2.552E-04  9.053E-05  2.132E-05 -3.237E-06 -8.832E-05 -2.199E-05 -4.007E-05 
 5.043E-10  1.159E-06 -2.225E-05 -1.358E-05  2.548E-04  8.088E-05 -1.703E-05 -4.463E-05 -1.362E-04  5.070E-06 -4.993E-05 
 5.056E-10  2.395E-07 -2.303E-05 -1.291E-05  2.546E-04  7.696E-05 -3.377E-05 -6.266E-05 -1.571E-04  1.894E-05 -5.371E-05 
 5.074E-10 -9.945E-07 -2.433E-05 -1.202E-05  2.542E-04  7.146E-05 -6.281E-05 -9.381E-05 -1.938E-04  5.272E-05 -5.783E-05 
 5.101E-10 -2.939E-06 -2.654E-05 -1.062E-05  2.535E-04  6.267E-05 -1.127E-04 -1.472E-04 -2.570E-04  1.154E-04 -6.372E-05 
 5.129E-10 -4.730E-06 -2.855E-05 -9.562E-06  2.527E-04  5.493E-05 -1.670E-04 -2.042E-04 -3.257E-04  1.907E-04 -6.584E-05 
 5.172E-10 -7.053E-06 -3.115E-05 -8.730E-06  2.516E-04  4.567E-05 -2.571E-04 -2.967E-04 -4.397E-04  3.304E-04 -6.089E-05 
 5.206E-10 -7.626E-06 -3.177E-05 -9.339E-06  2.508E-04  4.463E-05 -3.240E-04 -3.613E-04 -5.245E-04  4.627E-04 -4.306E-05 
 5.223E-10 -7.801E-06 -3.196E-05 -9.748E-06  2.505E-04  4.464E-05 -3.568E-04 -3.925E-04 -5.660E-04  5.299E-04 -3.307E-05 
 5.237E-10 -7.688E-06 -3.182E-05 -1.020E-05  2.503E-04  4.573E-05 -3.803E-04 -4.140E-04 -5.958E-04  5.846E-04 -2.309E-05 
 5.247E-10 -7.379E-06 -3.146E-05 -1.067E-05  2.501E-04  4.755E-05 -3.968E-04 -4.281E-04 -6.168E-04  6.290E-04 -1.339E-05 
 5.256E-10 -6.604E-06 -3.071E-05 -1.141E-05  2.501E-04  5.125E-05 -4.018E-04 -4.303E-04 -6.233E-04  6.601E-04 -2.935E-06 
 5.265E-10 -5.672E-06 -2.984E-05 -1.226E-05  2.502E-04  5.561E-05 -4.038E-04 -4.293E-04 -6.262E-04  6.885E-04  8.079E-06 
 5.275E-10 -4.578E-06 -2.881E-05 -1.325E-05  2.502E-04  6.072E-05 -4.062E-04 -4.282E-04 -6.296E-04  7.219E-04  2.098E-05 
 5.285E-10 -3.461E-06 -2.777E-05 -1.427E-05  2.503E-04  6.592E-05 -4.086E-04 -4.271E-04 -6.330E-04  7.562E-04  3.413E-05 
 5.318E-10  8.694E-07 -2.332E-05 -1.725E-05  2.508E-04  8.515E-05 -3.934E-04 -3.971E-04 -6.155E-04  8.307E-04  7.819E-05 
 5.362E-10  7.102E-06 -1.611E-05 -2.086E-05  2.521E-04  1.124E-04 -3.372E-04 -3.176E-04 -5.467E-04  8.558E-04  1.343E-04 
 5.405E-10  1.223E-05 -1.006E-05 -2.196E-05  2.535E-04  1.320E-04 -2.526E-04 -2.115E-04 -4.429E-04  7.764E-04  1.682E-04 
 5.448E-10  1.464E-05 -6.965E-06 -2.073E-05  2.544E-04  1.378E-04 -1.630E-04 -1.037E-04 -3.319E-04  6.146E-04  1.733E-04 
 5.530E-10  1.119E-05 -1.002E-05 -1.504E-05  2.540E-04  1.140E-04 -3.166E-05  5.116E-05 -1.620E-04  2.337E-04  1.182E-04 
 5.618E-10  5.520E-07 -2.403E-05 -1.109E-05  2.496E-04  6.703E-05 -2.667E-05  6.940E-05 -1.250E-04  3.957E-05  2.689E-05 
 5.695E-10 -3.734E-06 -3.730E-05 -1.032E-05  2.446E-04  5.346E-05 -1.138E-04 -1.596E-05 -1.906E-04  3.209E-04 -1.017E-05 
 5.792E-10 -9.537E-07 -4.365E-05 -9.135E-06  2.430E-04  7.976E-05 -2.454E-04 -1.641E-04 -3.061E-04  1.023E-03  1.876E-05 
 5.893E-10  1.298E-06 -3.625E-05 -7.498E-06  2.489E-04  1.001E-04 -2.986E-04 -2.601E-04 -3.642E-04  6.998E-04  4.970E-05 
 5.998E-10 -5.317E-06 -2.473E-05 -1.145E-05  2.549E-04  6.749E-05 -2.501E-04 -2.700E-04 -3.491E-04 -7.556E-04  9.355E-06 
 6.034E-10 -7.960E-06 -2.381E-05 -1.304E-05  2.541E-04  5.379E-05 -2.237E-04 -2.657E-04 -3.396E-04 -9.180E-04 -1.276E-05 
 6.130E-10 -1.246E-05 -3.030E-05 -1.385E-05  2.460E-04  3.507E-05 -1.688E-04 -2.795E-04 -3.314E-04 -4.491E-04 -5.335E-05 
 6.241E-10 -9.546E-06 -4.376E-05 -8.178E-06  2.370E-04  6.686E-05 -1.611E-04 -3.876E-04 -3.452E-04  5.517E-04 -3.305E-05 
 6.285E-10 -6.054E-06 -4.520E-05 -6.774E-06  2.379E-04  8.306E-05 -1.652E-04 -4.550E-04 -3.404E-04  5.114E-04 -2.341E-05 
 6.310E-10 -3.727E-06 -4.450E-05 -6.694E-06  2.395E-04  9.019E-05 -1.640E-04 -4.964E-04 -3.311E-04  4.951E-04 -2.394E-05 
 6.383E-10  2.467E-06 -3.691E-05 -9.262E-06  2.473E-04  9.527E-05 -1.465E-04 -5.997E-04 -2.846E-04  3.508E-04 -5.200E-05 
 6.459E-10  4.492E-06 -2.631E-05 -1.330E-05  2.540E-04  7.680E-05 -1.009E-04 -6.531E-04 -2.261E-04  5.224E-04 -1.193E-04 
 6.481E-10  3.490E-06 -2.413E-05 -1.400E-05  2.545E-04  6.936E-05 -8.393E-05 -6.521E-04 -2.144E-04  5.952E-04 -1.405E-04 
 6.502E-10  1.616E-06 -2.302E-05 -1.418E-05  2.540E-04  6.165E-05 -6.812E-05 -6.409E-04 -2.086E-04  6.580E-04 -1.591E-04 
 6.569E-10 -7.177E-06 -2.420E-05 -1.300E-05  2.490E-04  4.277E-05 -2.519E-05 -5.674E-04 -2.190E-04  7.370E-04 -1.996E-04 
 6.619E-10 -1.476E-05 -3.013E-05 -1.089E-05  2.426E-04  3.991E-05 -1.162E-05 -4.766E-04 -2.596E-04  6.567E-04 -1.994E-04 
 6.640E-10 -1.768E-05 -3.335E-05 -9.926E-06  2.398E-04  4.141E-05 -1.094E-05 -4.348E-04 -2.818E-04  6.077E-04 -1.927E-04 
 6.657E-10 -1.924E-05 -3.596E-05 -9.376E-06  2.379E-04  4.406E-05 -1.316E-05 -3.987E-04 -2.995E-04  5.747E-04 -1.844E-04 
 6.696E-10 -2.083E-05 -4.191E-05 -8.630E-06  2.346E-04  5.490E-05 -2.774E-05 -3.225E-04 -3.404E-04  5.124E-04 -1.554E-04 
 6.738E-10 -1.757E-05 -4.596E-05 -9.047E-06  2.341E-04  6.914E-05 -5.182E-05 -2.502E-04 -3.633E-04  5.528E-04 -1.208E-04 
 6.781E-10 -1.050E-05 -4.699E-05 -1.016E-05  2.363E-04  8.272E-05 -7.786E-05 -1.971E-04 -3.574E-04  7.056E-04 -8.976E-05 
 6.845E-10  4.894E-06 -4.129E-05 -1.214E-05  2.445E-04  9.314E-05 -1.058E-04 -1.699E-04 -2.742E-04  1.197E-03 -6.753E-05 
 6.861E-10  8.712E-06 -3.881E-05 -1.242E-05  2.469E-04  9.319E-05 -1.086E-04 -1.720E-04 -2.417E-04  1.358E-03 -6.753E-05 
 6.889E-10  1.411E-05 -3.440E-05 -1.261E-05  2.509E-04  9.153E-05 -1.106E-04 -1.782E-04 -1.795E-04  1.672E-03 -7.052E-05 
 6.948E-10  1.754E-05 -2.497E-05 -1.126E-05  2.566E-04  7.710E-05 -9.623E-05 -2.136E-04 -3.791E-05  2.397E-03 -9.641E-05 
 6.998E-10  9.692E-06 -2.074E-05 -9.268E-06  2.565E-04  6.049E-05 -7.646E-05 -2.433E-04  4.357E-05  2.928E-03 -1.230E-04 
 7.072E-10 -1.429E-05 -2.433E-05 -8.287E-06  2.484E-04  4.324E-05 -7.826E-05 -2.537E-04  4.133E-06  3.417E-03 -1.400E-04 
 7.136E-10 -3.218E-05 -3.438E-05 -1.045E-05  2.388E-04  4.437E-05 -1.507E-04 -2.318E-04 -2.172E-04  3.526E-03 -1.148E-04 
 7.207E-10 -3.190E-05 -4.499E-05 -1.398E-05  2.336E-04  6.151E-05 -3.420E-04 -2.202E-04 -6.273E-04  3.479E-03 -3.738E-05 
 7.296E-10 -1.410E-07 -4.640E-05 -1.423E-05  2.408E-04  8.647E-05 -7.373E-04 -3.483E-04 -1.221E-03  3.505E-03  1.225E-04 
 7.336E-10  1.788E-05 -4.130E-05 -1.194E-05  2.479E-04  9.110E-05 -9.437E-04 -4.920E-04 -1.446E-03  3.617E-03  2.075E-04 
 7.367E-10  2.805E-05 -3.621E-05 -1.000E-05  2.532E-04  9.106E-05 -1.118E-03 -6.563E-04 -1.610E-03  3.727E-03  2.840E-04 
 7.469E-10  2.196E-05 -2.096E-05 -5.959E-06  2.609E-04  7.013E-05 -1.567E-03 -1.332E-03 -1.911E-03  3.940E-03  4.995E-04 
 7.545E-10 -1.945E-05 -2.172E-05 -9.283E-06  2.522E-04  5.116E-05 -1.716E-03 -1.832E-03 -1.967E-03  3.468E-03  5.792E-04 
 7.647E-10 -5.741E-05 -3.730E-05 -1.566E-05  2.362E-04  4.918E-05 -1.634E-03 -2.143E-03 -1.906E-03  1.814E-03  4.951E-04 
 7.780E-10  8.015E-06 -4.631E-05 -1.163E-05  2.442E-04  8.190E-05 -1.274E-03 -1.729E-03 -1.607E-03 -4.939E-04  1.717E-04 
 7.912E-10  5.085E-05 -2.888E-05 -6.133E-06  2.635E-04  8.414E-05 -1.001E-03 -1.041E-03 -1.040E-03 -4.980E-04  1.149E-04 
 8.022E-10 -3.487E-05 -2.410E-05 -8.524E-06  2.559E-04  5.477E-05 -8.098E-04 -7.266E-04 -5.096E-04  8.627E-04  3.526E-04 
 8.168E-10 -1.005E-04 -3.846E-05 -1.253E-05  2.382E-04  4.971E-05 -2.916E-04 -4.672E-04 -3.396E-05  1.715E-03  4.576E-04 
 8.315E-10  2.790E-05 -2.939E-05 -1.442E-05  2.506E-04  9.137E-05  3.486E-04  8.132E-06  5.937E-06  8.224E-04  5.341E-05 
 8.360E-10  4.397E-05 -2.442E-05 -1.303E-05  2.553E-04  9.305E-05  4.445E-04  1.375E-04 -7.229E-05  6.445E-04 -3.483E-05 
 8.449E-10 -3.145E-05 -2.915E-05 -6.297E-06  2.566E-04  7.009E-05  3.924E-04  2.249E-04 -3.038E-04  8.386E-04 -2.916E-05 
 8.504E-10 -1.227E-04 -4.848E-05 -9.276E-07  2.532E-04  4.660E-05  2.437E-04  1.690E-04 -4.372E-04  1.222E-03  9.218E-05 
 8.672E-10 -1.071E-05 -1.467E-04  3.297E-05  2.376E-04  4.391E-05 -7.746E-05 -1.066E-04 -2.821E-04  1.787E-03  4.365E-04 
 8.844E-10  9.940E-04 -1.696E-04  1.658E-04  2.103E-04  1.065E-04  2.387E-04  6.175E-05  4.117E-04  5.693E-04  7.398E-05 
 8.881E-10  1.148E-03 -1.689E-04  1.961E-04  2.222E-04  9.657E-05  2.758E-04  9.465E-05  4.587E-04  4.061E-04 -1.774E-05 
 8.926E-10  1.184E-03 -1.787E-04  2.161E-04  2.660E-04  6.982E-05  2.408E-04  8.788E-05  4.038E-04  3.904E-04 -1.073E-04 
 8.948E-10  1.125E-03 -1.943E-04  2.156E-04  3.156E-04  5.287E-05  1.899E-04  6.458E-05  3.400E-04  4.484E-04 -1.385E-04 
 9.003E-10  7.900E-04 -2.565E-04  1.847E-04  4.975E-04  1.020E-05  4.852E-07 -4.690E-05  1.141E-04  7.489E-04 -1.625E-04 
 9.025E-10  5.783E-04 -2.939E-04  1.582E-04  6.015E-04 -2.706E-06 -9.303E-05 -1.101E-04  1.155E-05  9.114E-04 -1.524E-04 
 9.087E-10 -1.928E-04 -4.462E-04  5.182E-05  1.027E-03 -1.640E-05 -3.466E-04 -3.048E-04 -2.505E-04  1.378E-03 -1.065E-04 
 9.156E-10 -1.142E-03 -6.767E-04 -8.994E-05  1.693E-03  2.288E-05 -4.873E-04 -3.941E-04 -3.674E-04  1.715E-03 -5.581E-05 
 9.189E-10 -1.521E-03 -8.008E-04 -1.440E-04  2.074E-03  5.820E-05 -4.534E-04 -3.006E-04 -3.148E-04  1.751E-03 -5.066E-05 
 9.209E-10 -1.703E-03 -8.687E-04 -1.691E-04  2.288E-03  8.145E-05 -4.112E-04 -2.257E-04 -2.608E-04  1.735E-03 -5.284E-05 
 9.246E-10 -1.928E-03 -9.946E-04 -1.878E-04  2.710E-03  1.177E-04 -2.720E-04 -6.080E-06 -9.275E-05  1.646E-03 -7.368E-05 
 9.278E-10 -1.991E-03 -1.086E-03 -1.767E-04  3.040E-03  1.404E-04 -1.109E-04  2.173E-04  9.560E-05  1.516E-03 -1.044E-04 
 9.286E-10 -1.991E-03 -1.106E-03 -1.690E-04  3.119E-03  1.420E-04 -7.053E-05  2.623E-04  1.461E-04  1.484E-03 -1.126E-04 
 9.296E-10 -1.963E-03 -1.126E-03 -1.535E-04  3.203E-03  1.396E-04 -2.028E-05  3.115E-04  2.108E-04  1.443E-03 -1.239E-04 
 9.321E-10 -1.832E-03 -1.165E-03 -1.025E-04  3.387E-03  1.271E-04  1.142E-04  4.483E-04  3.804E-04  1.328E-03 -1.564E-04 
 9.346E-10 -1.653E-03 -1.195E-03 -3.417E-05  3.557E-03  9.651E-05  2.372E-04  5.389E-04  5.586E-04  1.225E-03 -1.883E-04 
 9.370E-10 -1.378E-03 -1.192E-03  5.914E-05  3.638E-03  3.420E-05  3.119E-04  5.240E-04  7.122E-04  1.162E-03 -2.158E-04 
 9.399E-10 -1.019E-03 -1.175E-03  1.807E-04  3.698E-03 -5.676E-05  3.709E-04  4.800E-04  8.843E-04  1.111E-03 -2.443E-04 
 9.436E-10 -4.744E-04 -1.102E-03  3.715E-04  3.636E-03 -2.401E-04  3.056E-04  2.543E-04  1.051E-03  1.144E-03 -2.646E-04 
 9.477E-10  1.264E-04 -9.803E-04  5.961E-04  3.448E-03 -4.976E-04  8.134E-05 -2.179E-05  1.182E-03  1.266E-03 -2.722E-04 
 9.533E-10  8.240E-04 -7.497E-04  8.919E-04  2.993E-03 -9.264E-04 -5.175E-04 -4.056E-04  1.253E-03  1.563E-03 -2.612E-04 
 9.589E-10  1.214E-03 -4.927E-04  1.110E-03  2.434E-03 -1.369E-03 -1.348E-03 -5.459E-04  1.245E-03  1.878E-03 -2.577E-04 
 9.658E-10  1.197E-03 -2.037E-04  1.195E-03  1.797E-03 -1.812E-03 -2.450E-03 -3.353E-04  1.223E-03  2.081E-03 -3.366E-04 
 9.719E-10  8.554E-04 -2.737E-05  1.074E-03  1.446E-03 -2.002E-03 -3.202E-03 -6.772E-05  1.261E-03  1.971E-03 -5.384E-04 
 9.777E-10  4.488E-04  4.722E-05  8.068E-04  1.372E-03 -1.944E-03 -3.539E-03  5.201E-05  1.365E-03  1.621E-03 -8.565E-04 
 9.842E-10  1.286E-04  3.125E-05  3.968E-04  1.568E-03 -1.606E-03 -3.433E-03  2.799E-06  1.534E-03  1.059E-03 -1.318E-03 
 9.919E-10  1.197E-04 -6.904E-05 -1.011E-04  1.999E-03 -9.369E-04 -2.838E-03 -1.166E-04  1.730E-03  4.008E-04 -1.867E-03 
 9.948E-10  2.188E-04 -1.114E-04 -2.577E-04  2.140E-03 -6.481E-04 -2.565E-03 -1.351E-04  1.783E-03  1.970E-04 -2.027E-03 
 9.970E-10  3.177E-04 -1.413E-04 -3.528E-04  2.232E-03 -4.410E-04 -2.366E-03 -1.416E-04  1.812E-03  7.920E-05 -2.119E-03 
 9.988E-10  4.013E-04 -1.635E-04 -4.260E-04  2.289E-03 -2.678E-04 -2.208E-03 -1.377E-04  1.831E-03 -1.845E-05 -2.182E-03 
 1.000E-09  4.706E-04 -1.774E-04 -4.716E-04  2.310E-03 -1.371E-04 -2.099E-03 -1.242E-04  1.838E-03 -8.581E-05 -2.211E-03 
 1.003E-09  6.048E-04 -1.979E-04 -5.328E-04  2.325E-03  8.732E-05 -1.919E-03 -9.127E-05  1.838E-03 -1.801E-04 -2.232E-03 
 1.004E-09  6.525E-04 -2.045E-04 -5.540E-04  2.320E-03  1.757E-04 -1.852E-03 -7.336E-05  1.833E-03 -2.214E-04 -2.230E-03 
 1.007E-09  7.414E-04 -2.095E-04 -5.783E-04  2.252E-03  3.574E-04 -1.740E-03 -6.853E-06  1.802E-03 -3.115E-04 -2.178E-03 
 1.010E-09  8.021E-04 -2.057E-04 -5.789E-04  2.146E-03  5.077E-04 -1.668E-03  7.621E-05  1.751E-03 -3.907E-04 -2.084E-03 
 1.011E-09  8.116E-04 -2.000E-04 -5.711E-04  2.071E-03  5.748E-04 -1.640E-03  1.283E-04  1.710E-03 -4.420E-04 -2.013E-03 
 1.014E-09  7.831E-04 -1.838E-04 -5.392E-04  1.930E-03  6.275E-04 -1.645E-03  2.169E-04  1.631E-03 -5.120E-04 -1.874E-03 
 1.020E-09  5.929E-04 -1.365E-04 -4.311E-04  1.549E-03  6.658E-04 -1.668E-03  4.339E-04  1.359E-03 -7.122E-04 -1.471E-03 
 1.025E-09  2.950E-04 -9.644E-05 -3.052E-04  1.180E-03  5.834E-04 -1.640E-03  5.906E-04  9.955E-04 -9.004E-04 -1.056E-03 
 1.028E-09  1.490E-04 -8.324E-05 -2.465E-04  1.018E-03  5.236E-04 -1.591E-03  6.384E-04  8.016E-04 -9.760E-04 -8.691E-04 
 1.031E-09 -3.207E-05 -8.095E-05 -1.702E-04  8.088E-04  4.291E-04 -1.425E-03  6.554E-04  4.859E-04 -1.029E-03 -6.293E-04 
 1.035E-09 -1.495E-04 -8.912E-05 -1.062E-04  6.322E-04  3.460E-04 -1.208E-03  6.369E-04  1.784E-04 -1.023E-03 -4.282E-04 
 1.039E-09 -1.831E-04 -1.165E-04 -5.322E-05  4.778E-04  2.779E-04 -8.804E-04  5.620E-04 -1.543E-04 -9.217E-04 -2.643E-04 
 1.043E-09 -1.039E-04 -1.566E-04 -1.312E-05  3.680E-04  2.415E-04 -4.708E-04  4.402E-04 -4.766E-04 -6.900E-04 -1.349E-04 
 1.051E-09  1.329E-04 -2.254E-04  1.938E-05  3.249E-04  2.546E-04  2.205E-04  1.952E-04 -8.620E-04 -9.181E-05 -1.763E-05 
 1.054E-09  1.822E-04 -2.394E-04  2.130E-05  3.801E-04  2.806E-04  4.561E-04  1.098E-04 -9.207E-04  2.056E-04 -2.963E-06 
 1.058E-09  1.943E-04 -2.405E-04  1.893E-05  4.703E-04  3.108E-04  6.367E-04  4.746E-05 -9.187E-04  4.926E-04 -8.381E-06 
 1.065E-09 -2.307E-05 -1.729E-04  8.189E-06  6.984E-04  3.319E-04  7.009E-04  8.031E-05 -6.961E-04  7.796E-04 -7.384E-05 
 1.071E-09 -2.746E-04 -5.883E-05  2.264E-07  8.657E-04  2.958E-04  5.620E-04  2.325E-04 -4.063E-04  6.864E-04 -1.694E-04 
 1.083E-09 -2.949E-04  1.866E-04 -3.034E-05  1.046E-03  1.828E-04  3.092E-04  5.716E-04 -4.124E-05 -9.074E-05 -3.705E-04 
 1.092E-09  3.446E-05  2.651E-04 -9.759E-05  1.152E-03  2.265E-04  4.324E-04  5.874E-04 -1.151E-04 -5.014E-04 -4.161E-04 
 1.102E-09  3.163E-04  2.017E-04 -2.047E-04  1.387E-03  4.755E-04  7.398E-04  2.682E-04 -3.385E-04 -2.770E-04 -3.229E-04 
 1.105E-09  3.615E-04  1.664E-04 -2.264E-04  1.470E-03  5.544E-04  7.884E-04  1.437E-04 -3.645E-04 -1.201E-04 -2.948E-04 
 1.114E-09  4.444E-04  7.191E-05 -2.284E-04  1.678E-03  7.082E-04  7.089E-04 -1.481E-04 -2.388E-04  3.259E-04 -2.814E-04 
 1.124E-09  4.151E-04  3.086E-05 -1.246E-04  1.729E-03  6.455E-04  3.326E-04 -2.159E-04  1.872E-04  3.589E-04 -4.607E-04 
 1.127E-09  3.837E-04  3.295E-05 -8.743E-05  1.695E-03  5.941E-04  2.220E-04 -1.810E-04  3.168E-04  2.695E-04 -5.259E-04 
 1.131E-09  3.276E-04  4.187E-05 -3.290E-05  1.586E-03  4.848E-04  8.703E-05 -8.990E-05  4.940E-04  5.316E-05 -6.153E-04 
 1.139E-09  2.489E-04  5.736E-05  3.831E-05  1.261E-03  2.800E-04 -1.161E-05  1.025E-04  6.829E-04 -3.619E-04 -6.676E-04 
 1.147E-09  2.289E-04  5.405E-05  6.419E-05  8.508E-04  1.287E-04  6.780E-05  2.194E-04  6.433E-04 -5.514E-04 -5.343E-04 
 1.149E-09  2.337E-04  5.013E-05  6.448E-05  7.450E-04  1.006E-04  1.051E-04  2.290E-04  6.000E-04 -5.459E-04 -4.783E-04 
 1.155E-09  2.524E-04  4.240E-05  5.135E-05  4.126E-04  1.492E-05  2.067E-04  2.220E-04  4.264E-04 -4.313E-04 -3.124E-04 
 1.162E-09  2.585E-04  5.138E-05  4.121E-05  1.011E-04 -7.753E-05  2.643E-04  1.631E-04  2.084E-04 -1.903E-04 -2.235E-04 
 1.169E-09  1.751E-04  1.046E-04  7.345E-05 -1.741E-04 -1.985E-04  2.540E-04  8.536E-05  3.020E-06  6.273E-05 -3.347E-04 
 1.176E-09 -1.328E-05  1.870E-04  7.837E-05 -3.306E-04 -2.851E-04  2.301E-04  4.637E-05 -9.043E-05  1.622E-04 -5.871E-04 
 1.182E-09 -2.111E-04  2.546E-04 -5.045E-07 -4.034E-04 -2.991E-04  2.508E-04  4.061E-05 -1.047E-04  1.663E-04 -7.889E-04 
 1.184E-09 -2.842E-04  2.737E-04 -5.609E-05 -4.132E-04 -2.831E-04  2.746E-04  4.342E-05 -9.595E-05  1.577E-04 -8.381E-04 
 1.186E-09 -3.399E-04  2.864E-04 -9.884E-05 -4.230E-04 -2.634E-04  2.976E-04  4.510E-05 -8.914E-05  1.549E-04 -8.677E-04 
 1.188E-09 -3.952E-04  2.918E-04 -1.543E-04 -4.249E-04 -2.191E-04  3.332E-04  4.776E-05 -7.672E-05  1.611E-04 -8.693E-04 
 1.193E-09 -4.782E-04  2.785E-04 -2.502E-04 -4.103E-04 -9.222E-05  4.209E-04  5.119E-05 -4.635E-05  1.965E-04 -7.941E-04 
 1.198E-09 -4.773E-04  2.139E-04 -2.587E-04 -3.660E-04  8.126E-05  5.000E-04  4.803E-05 -2.608E-05  2.903E-04 -5.871E-04 
 1.205E-09 -3.590E-04  6.177E-05 -1.009E-04 -2.792E-04  2.898E-04  5.246E-04  3.554E-05 -3.830E-05  4.596E-04 -2.415E-04 
 1.213E-09 -2.040E-04 -1.548E-04  1.355E-04 -1.647E-04  4.013E-04  4.273E-04  2.289E-05 -1.013E-04  5.993E-04  4.789E-05 
 1.219E-09 -2.536E-04 -3.120E-04  1.879E-04 -6.973E-05  3.456E-04  2.920E-04  2.242E-05 -1.616E-04  5.776E-04  7.042E-05 
 1.228E-09 -5.399E-04 -4.221E-04 -5.482E-06  4.980E-05  1.145E-04  1.747E-04  2.857E-05 -1.809E-04  3.516E-04 -2.028E-04 
 1.240E-09 -1.589E-04 -3.577E-04 -2.878E-04  2.430E-04 -1.806E-04  2.876E-04  1.553E-07  3.040E-05  2.247E-05 -7.308E-04 
 1.250E-09  5.384E-04 -3.056E-04 -1.334E-04  3.565E-04 -1.098E-04  3.755E-04 -4.787E-05  2.731E-04  1.628E-04 -7.420E-04 
 1.260E-09 -6.029E-05 -2.959E-04  1.328E-04  3.403E-04  9.309E-05  2.139E-04 -4.949E-05  3.962E-04  5.229E-04 -4.593E-04 
 1.269E-09 -1.039E-03 -6.824E-05  1.977E-04  1.377E-04  2.064E-04 -8.145E-05  2.171E-05  3.385E-04  7.544E-04 -1.354E-04 
 1.273E-09 -1.034E-03  8.284E-05  1.355E-04  2.062E-05  1.924E-04 -1.513E-04  6.105E-05  2.750E-04  7.429E-04 -5.626E-05 
 1.277E-09 -7.875E-04  1.751E-04  7.902E-05 -8.556E-05  1.516E-04 -1.426E-04  9.007E-05  2.136E-04  6.800E-04 -1.561E-05 
 1.288E-09  2.532E-04  1.231E-04 -6.075E-06 -2.413E-04  1.355E-05  2.152E-04  1.045E-04  9.103E-05  4.005E-04 -4.220E-05 
 1.300E-09  1.486E-04 -2.370E-04  3.957E-05 -1.454E-05  3.035E-05  8.304E-04  9.577E-08  1.028E-04  2.423E-04 -1.584E-04 
 1.311E-09 -4.847E-04 -6.285E-05  1.088E-04  3.549E-04  1.491E-04  7.762E-04 -4.374E-05  1.514E-04  2.573E-04 -1.262E-04 
 1.322E-09 -3.877E-04  1.254E-04  1.594E-04  3.982E-04  6.377E-05  1.607E-04  5.138E-05  1.435E-04  9.834E-05 -4.928E-06 
 1.334E-09  1.751E-04 -1.033E-04  1.057E-04  3.194E-05 -2.381E-04 -3.737E-04  1.625E-04  1.413E-04 -2.982E-04 -1.307E-05 
 1.347E-09  3.158E-04 -3.675E-04 -3.426E-05 -2.738E-04 -2.279E-04 -6.564E-05  5.755E-05  2.212E-04 -3.328E-04 -2.557E-04 
 1.358E-09  1.454E-04 -2.532E-04 -4.379E-05 -2.607E-04  7.682E-05  3.047E-04 -9.059E-05  2.784E-04  1.258E-05 -2.533E-04 
 1.362E-09  9.517E-05 -1.202E-04 -9.037E-06 -2.185E-04  1.784E-04  3.233E-04 -1.124E-04  2.739E-04  1.472E-04 -1.388E-04 
 1.377E-09  1.688E-04  2.162E-04  4.031E-05 -1.703E-04  3.597E-05 -1.211E-04  2.123E-05  1.235E-04  4.244E-05  3.080E-04 
 1.381E-09  2.147E-04  2.290E-04  1.134E-05 -1.621E-04 -6.221E-05 -2.265E-04  6.582E-05  6.545E-05 -8.317E-05  3.085E-04 
 1.389E-09  2.772E-04  1.270E-04 -9.717E-05 -6.473E-05 -2.357E-04 -2.462E-04  1.030E-04 -5.178E-05 -3.576E-04  3.145E-05 
 1.392E-09  2.735E-04  6.264E-05 -1.386E-04  2.368E-05 -2.427E-04 -1.734E-04  8.774E-05 -9.397E-05 -4.250E-04 -1.380E-04 
 1.395E-09  2.587E-04  9.194E-06 -1.619E-04  1.141E-04 -2.025E-04 -7.627E-05  5.919E-05 -1.167E-04 -4.325E-04 -2.833E-04 
 1.402E-09  1.996E-04 -8.465E-05 -1.811E-04  3.889E-04  2.350E-06  1.973E-04 -3.640E-05 -1.507E-04 -3.285E-04 -5.350E-04 
 1.410E-09  1.578E-04 -8.389E-05 -1.381E-04  6.854E-04  3.309E-04  4.386E-04 -1.373E-04 -1.395E-04 -4.419E-06 -4.600E-04 
 1.417E-09  1.834E-04 -4.656E-06 -8.751E-05  7.454E-04  4.652E-04  4.400E-04 -1.468E-04 -1.014E-04  2.622E-04 -1.350E-04 
 1.421E-09  2.172E-04  5.034E-05 -6.543E-05  6.911E-04  4.598E-04  3.757E-04 -1.184E-04 -7.639E-05  3.694E-04  5.167E-05 
 1.424E-09  2.415E-04  8.660E-05 -5.493E-05  5.852E-04  3.890E-04  2.932E-04 -8.054E-05 -6.289E-05  4.065E-04  1.557E-04 
 1.427E-09  2.643E-04  1.124E-04 -4.774E-05  4.858E-04  3.219E-04  2.270E-04 -4.481E-05 -5.245E-05  4.246E-04  2.091E-04 
 1.431E-09  2.791E-04  1.343E-04 -4.223E-05  2.506E-04  1.492E-04  1.094E-04  2.363E-05 -4.754E-05  3.961E-04  1.634E-04 
 1.439E-09  2.438E-04  1.040E-04 -2.929E-05 -1.274E-04 -9.300E-05  1.500E-05  1.013E-04 -7.099E-05  2.801E-04 -2.027E-04 
 1.445E-09  1.632E-04  3.437E-05 -3.987E-06 -3.244E-04 -1.488E-04  5.251E-05  1.024E-04 -1.099E-04  1.929E-04 -5.910E-04 
 1.452E-09  5.622E-05 -5.299E-05  4.640E-05 -3.639E-04 -1.020E-05  1.734E-04  3.396E-05 -1.528E-04  1.740E-04 -7.904E-04 
 1.453E-09  4.097E-05 -6.504E-05  5.613E-05 -3.480E-04  3.013E-05  1.958E-04  1.676E-05 -1.579E-04  1.822E-04 -7.753E-04 
 1.455E-09  1.712E-05 -8.047E-05  7.264E-05 -3.247E-04  9.239E-05  2.261E-04 -9.290E-06 -1.658E-04  1.950E-04 -7.405E-04 
 1.458E-09 -6.230E-06 -9.235E-05  9.970E-05 -2.596E-04  2.087E-04  2.597E-04 -5.629E-05 -1.695E-04  2.334E-04 -5.407E-04 
 1.461E-09 -1.341E-05 -9.202E-05  1.220E-04 -1.949E-04  2.963E-04  2.721E-04 -9.245E-05 -1.680E-04  2.695E-04 -3.184E-04 
 1.466E-09  1.673E-05 -6.118E-05  1.469E-04 -1.040E-04  3.659E-04  2.382E-04 -1.272E-04 -1.499E-04  3.178E-04  1.275E-04 
 1.471E-09  8.899E-05 -6.789E-06  1.559E-04 -5.746E-05  3.201E-04  1.520E-04 -1.286E-04 -1.206E-04  3.237E-04  5.169E-04 
 1.474E-09  1.344E-04  2.220E-05  1.565E-04 -5.076E-05  2.645E-04  1.006E-04 -1.197E-04 -1.044E-04  3.099E-04  6.604E-04 
 1.481E-09  2.519E-04  8.471E-05  1.332E-04 -1.216E-04 -1.908E-05 -3.123E-05 -5.722E-05 -6.942E-05  1.836E-04  6.205E-04 
 1.492E-09  2.585E-04  7.575E-05  6.728E-05 -3.031E-04 -4.307E-04 -3.990E-05  4.446E-05 -7.187E-05 -1.566E-04 -4.368E-04 
 1.494E-09  2.213E-04  5.968E-05  6.023E-05 -3.132E-04 -4.414E-04 -3.768E-06  4.834E-05 -8.132E-05 -2.081E-04 -6.199E-04 
 1.498E-09  1.499E-04  3.777E-05  4.764E-05 -3.203E-04 -4.273E-04  5.753E-05  4.956E-05 -9.691E-05 -2.811E-04 -8.779E-04 
 1.507E-09 -1.104E-04  2.668E-06  5.394E-05 -1.857E-04 -1.004E-04  2.335E-04 -9.421E-06 -1.438E-04 -3.346E-04 -7.647E-04 
 1.516E-09 -2.377E-04  4.065E-05  7.166E-05  6.789E-06  2.360E-04  2.372E-04 -6.551E-05 -1.676E-04 -2.421E-04  1.614E-04 
 1.528E-09 -6.841E-05  1.021E-04  3.153E-06  6.678E-05  2.006E-04  1.767E-05 -2.939E-05 -1.769E-04 -1.161E-04  7.715E-04 
 1.538E-09  1.383E-04  5.867E-05 -1.393E-04 -6.648E-05 -1.127E-04 -6.566E-05  6.587E-05 -1.877E-04 -1.152E-04 -9.652E-05 
 1.548E-09  1.471E-04 -5.491E-05 -2.609E-04 -2.149E-04 -2.313E-04  7.413E-05  1.184E-04 -1.881E-04 -1.259E-04 -1.031E-03 
 1.561E-09 -7.911E-05 -1.311E-04 -2.413E-04  3.725E-05  1.278E-04  2.666E-04  6.195E-05 -1.306E-04 -2.963E-05 -2.738E-04 
 1.571E-09 -1.433E-04 -1.018E-04 -1.471E-04  4.463E-04  3.466E-04  1.910E-04 -1.628E-06 -6.776E-05  5.611E-05  7.269E-04 
 1.583E-09 -5.143E-07 -8.249E-05 -7.017E-05  4.669E-04  1.902E-04  2.066E-05 -2.215E-05 -3.390E-05  5.368E-05  4.037E-04 
 1.596E-09  1.370E-04 -1.202E-04 -3.764E-05  2.503E-04 -1.336E-04  7.453E-05 -2.430E-06 -6.115E-05 -9.579E-06 -9.069E-04 
 1.599E-09  1.276E-04 -1.253E-04 -3.178E-05  2.739E-04 -1.408E-04  1.288E-04  6.792E-08 -7.429E-05 -6.753E-06 -9.572E-04 
 1.603E-09  9.671E-05 -1.222E-04 -2.296E-05  3.447E-04 -1.076E-04  1.958E-04  7.264E-07 -9.149E-05  1.031E-05 -8.466E-04 
 1.616E-09 -4.424E-05 -3.411E-05  2.005E-06  4.908E-04  2.431E-04  2.195E-04 -7.754E-06 -1.388E-04  1.543E-04  5.531E-04 
 1.627E-09 -4.516E-05  3.955E-05  5.716E-06  2.618E-04  3.410E-04  1.847E-05  3.817E-06 -1.646E-04  2.329E-04  8.291E-04 
 1.638E-09  5.505E-05  3.144E-06 -1.595E-05  7.614E-06  7.240E-05 -1.144E-04  3.236E-05 -1.609E-04  1.668E-04 -3.445E-04 
 1.651E-09  9.590E-05 -1.317E-04 -4.170E-05  1.427E-04 -1.261E-04  7.405E-05  4.112E-05 -1.060E-04  2.677E-05 -9.319E-04 
 1.661E-09  3.263E-05 -1.759E-04 -2.000E-05  4.668E-04  1.476E-04  2.622E-04  2.303E-05 -5.810E-05  1.523E-05  1.472E-04 
 1.679E-09 -5.376E-06 -1.020E-04  5.220E-05  5.207E-04  3.812E-04  7.444E-05  1.609E-06 -6.862E-05  8.773E-05  5.081E-04 
 1.691E-09  4.117E-05 -1.206E-04  5.424E-05  4.225E-04 -9.746E-05 -6.502E-05 -2.090E-05 -9.764E-05  8.488E-06 -7.660E-04 
 1.707E-09  2.281E-05 -1.556E-04  5.787E-05  6.862E-04 -1.487E-04  1.198E-04 -7.684E-05 -8.645E-05 -6.896E-05 -1.808E-04 
 1.721E-09 -8.146E-06 -3.448E-05  7.932E-05  7.201E-04  3.716E-04  1.091E-04 -6.501E-05 -7.312E-05  3.359E-05  7.079E-04 
 1.736E-09  4.951E-05  6.242E-05  3.078E-05  3.141E-04  1.432E-04 -1.461E-04  2.036E-05 -1.005E-04  6.803E-05 -3.580E-04 
 1.751E-09  5.127E-05 -2.894E-05 -4.281E-05  2.155E-04 -2.390E-04 -5.751E-05  3.134E-05 -1.342E-04 -6.598E-05 -5.311E-04 
 1.765E-09 -2.628E-05 -5.832E-05 -5.095E-05  4.217E-04  2.872E-04  1.462E-04 -3.003E-05 -1.103E-04 -8.291E-05  4.381E-04 
 1.779E-09  7.206E-06  4.091E-06 -1.534E-05  3.222E-04  4.407E-04  3.486E-05 -3.681E-05 -5.167E-05 -1.683E-05  1.076E-04 
 1.793E-09  1.089E-04 -2.374E-05  6.499E-06  5.944E-05 -2.099E-04 -9.389E-05 -2.321E-06 -5.080E-05 -6.450E-05 -5.962E-04 
 1.806E-09  6.148E-05 -9.258E-05 -5.537E-06  1.282E-04 -2.305E-04  6.102E-05 -3.108E-05 -9.316E-05 -1.077E-04 -1.223E-04 
 1.823E-09 -7.995E-05 -2.737E-05 -1.893E-05  4.305E-04  4.678E-04  1.709E-04 -8.461E-05 -8.676E-05  4.014E-05  3.061E-04 
 1.836E-09 -2.256E-05  3.350E-05 -3.306E-05  4.293E-04  1.522E-04 -1.080E-07 -2.956E-05 -6.851E-05  6.745E-05 -2.403E-04 
 1.839E-09  8.813E-06  3.166E-05 -4.171E-05  4.077E-04  2.204E-06 -3.589E-05 -6.139E-06 -7.319E-05  3.507E-05 -3.402E-04 
 1.845E-09  4.616E-05  1.677E-05 -5.611E-05  3.861E-04 -1.915E-04 -5.106E-05  2.383E-05 -8.585E-05 -3.272E-05 -4.056E-04 
 1.860E-09  2.595E-05 -1.796E-05 -7.144E-05  4.650E-04  6.322E-05  1.208E-04  1.507E-05 -1.072E-04 -1.410E-04 -1.863E-05 
 1.875E-09 -1.970E-05  2.836E-05 -3.592E-05  5.331E-04  4.166E-04  1.960E-04 -4.856E-05 -6.071E-05 -1.528E-05  1.215E-04 
 1.890E-09  5.840E-05  3.873E-05  1.685E-06  3.802E-04 -1.094E-04  5.311E-05 -1.521E-05 -4.296E-05  3.037E-05 -1.945E-04 
 1.908E-09  4.460E-05 -2.805E-05  1.632E-05  2.643E-04 -5.391E-05  1.040E-04  4.437E-05 -7.539E-05 -1.154E-04 -1.547E-04 
 1.927E-09 -4.326E-05 -5.370E-06  1.791E-06  3.516E-04  3.096E-04  1.046E-04  5.575E-07 -5.925E-05 -8.130E-05  8.123E-05 
 1.942E-09  1.827E-05 -4.258E-06  3.334E-06  3.188E-04 -1.865E-04 -6.749E-05  2.734E-05 -9.011E-05 -1.003E-04 -1.656E-04 
 1.964E-09 -8.237E-06 -5.047E-05 -2.728E-05  3.090E-04  1.383E-04  9.800E-05  4.068E-05 -8.980E-05 -1.742E-04 -1.567E-04 
 1.980E-09 -4.281E-05 -3.219E-05 -3.429E-05  3.306E-04  2.187E-04  1.078E-04  4.932E-06 -5.834E-05 -9.898E-05  1.227E-04 
 1.983E-09 -3.422E-05 -2.986E-05 -3.100E-05  3.243E-04  1.614E-04  7.754E-05  6.196E-06 -5.976E-05 -8.984E-05  1.052E-04 
 1.993E-09  1.779E-05 -3.511E-05 -1.930E-05  2.896E-04 -5.653E-05 -9.385E-06  2.764E-05 -7.721E-05 -8.104E-05 -1.091E-04 
 2.014E-09  2.221E-05 -4.861E-05 -1.321E-05  2.857E-04  1.389E-04  1.153E-04  2.589E-05 -7.606E-05 -2.862E-05 -1.890E-04 
 2.031E-09 -6.540E-05 -5.289E-06 -8.444E-06  2.781E-04  1.864E-04  1.133E-04 -1.446E-05 -7.204E-05  5.734E-06  1.500E-04 
 2.050E-09 -1.644E-05 -4.722E-05  1.594E-05  1.702E-04 -9.257E-05 -2.015E-05  3.137E-05 -1.051E-04 -3.444E-05 -2.828E-04 
 2.070E-09 -3.020E-05 -5.538E-05  3.529E-06  2.075E-04  1.749E-04  1.475E-04  1.418E-05 -8.726E-05  1.922E-05  2.478E-05 
 2.090E-09 -1.242E-05 -1.648E-05 -1.084E-05  1.479E-04  5.522E-05  1.253E-05  9.692E-06 -9.883E-05 -3.786E-05 -2.905E-05 
 2.111E-09  1.962E-05 -6.835E-05  1.359E-06  7.386E-05  3.208E-06  2.098E-05  1.318E-05 -1.039E-04  6.416E-05 -2.020E-04 
 2.132E-09 -6.095E-05 -3.207E-05  6.998E-06  2.121E-04  1.926E-04  1.018E-04 -8.658E-06 -6.559E-05  6.696E-06  9.734E-05 
 2.156E-09  6.487E-06 -6.289E-05  1.473E-05  1.130E-04 -9.632E-05 -2.716E-05  3.876E-05 -9.262E-05  9.182E-05 -2.371E-04 
 2.177E-09 -5.001E-05 -2.277E-05 -1.476E-05  2.180E-04  2.220E-04  1.207E-04 -2.310E-05 -8.680E-05  8.489E-05  5.721E-05 
 2.199E-09 -5.638E-06 -3.724E-05 -4.618E-06  1.581E-04 -4.728E-05 -3.482E-06  2.533E-05 -9.579E-05  4.633E-05 -1.481E-04 
 2.221E-09 -5.928E-06 -2.273E-05 -9.612E-06  1.604E-04  1.442E-04  1.126E-04 -1.223E-05 -8.439E-05  1.613E-04 -4.617E-05 
 2.245E-09 -2.462E-07 -4.027E-05 -2.446E-06  1.972E-04  3.811E-05  2.066E-05 -8.492E-06 -8.519E-05 -1.052E-04 -3.814E-05 
 2.272E-09 -3.078E-06 -3.609E-05 -2.052E-05  1.993E-04  1.090E-04  8.760E-05 -1.889E-05 -9.464E-05  2.290E-04 -1.177E-04 
 2.298E-09  5.592E-06 -3.562E-05 -1.061E-05  2.321E-04  2.379E-05  1.897E-05  6.214E-06 -1.006E-04  7.218E-04 -1.184E-05 
 2.328E-09  8.763E-06 -4.387E-05 -1.179E-05  2.273E-04  1.252E-04  1.246E-04 -2.190E-05 -7.462E-05 -7.410E-04 -7.975E-05 
 2.358E-09  2.793E-05 -4.177E-06  4.182E-07  1.793E-04  1.380E-05  5.537E-05  1.890E-05 -1.031E-04 -2.034E-04 -9.961E-05 
 2.386E-09 -1.199E-05 -6.817E-05 -2.745E-05  2.207E-04  9.193E-05  1.164E-04 -1.947E-05 -1.002E-04  3.299E-04  1.385E-05 
 2.398E-09 -1.226E-05 -2.924E-05 -2.119E-05  1.884E-04  9.288E-05  7.256E-05 -9.631E-06 -9.804E-05  2.639E-04  3.775E-05 
 2.410E-09  7.774E-06 -2.165E-05 -9.349E-06  1.446E-04  3.204E-05  5.044E-05 -1.207E-06 -7.592E-05 -1.658E-04 -8.327E-05 
 2.438E-09 -8.304E-06 -3.891E-05 -1.261E-05  9.833E-05  2.918E-05  9.407E-05 -3.447E-05 -7.019E-05  3.127E-04  5.162E-05 
 2.461E-09 -4.754E-06 -1.041E-05 -7.158E-06 -1.099E-05 -3.110E-05  4.295E-05 -1.048E-05 -3.177E-05 -8.582E-05 -2.580E-05 
 2.489E-09 -1.710E-05 -2.869E-05 -2.688E-06 -1.898E-05 -2.543E-05  7.812E-05 -2.192E-05 -3.584E-05  1.885E-04  1.617E-05 
 2.519E-09 -1.298E-05 -3.307E-05 -6.485E-06 -1.440E-05 -5.763E-05  5.995E-05 -1.067E-05 -2.585E-05 -3.099E-05 -4.092E-05 
 2.549E-09 -1.669E-05 -1.738E-05 -3.573E-06 -1.433E-05 -1.028E-05  6.253E-05 -2.027E-05 -3.218E-05  1.183E-04  4.042E-05 
 2.579E-09 -1.040E-05 -3.203E-05 -6.835E-06 -2.327E-05 -5.826E-05  7.060E-05 -1.436E-05 -2.918E-05  7.717E-05 -5.825E-05 
 2.609E-09 -1.438E-05 -2.125E-05 -6.522E-06 -7.067E-06 -1.239E-05  5.793E-05 -1.398E-05 -3.284E-05  1.289E-05  2.385E-05 
 2.639E-09 -1.694E-05 -3.007E-05  3.304E-07 -1.768E-05 -4.941E-05  6.993E-05 -2.208E-05 -2.994E-05  1.483E-04  9.169E-06 
 2.656E-09 -1.396E-05 -1.940E-05 -6.333E-06 -5.022E-06 -5.402E-06  6.045E-05 -1.658E-05 -3.651E-05  4.964E-05  3.593E-05 
 2.671E-09 -1.241E-05 -2.737E-05 -7.831E-06 -1.807E-05 -4.634E-05  6.434E-05 -7.754E-06 -2.374E-05  7.230E-06 -7.256E-05 
 2.700E-09 -1.210E-05 -2.042E-05 -4.313E-06 -5.346E-05 -5.010E-06  6.251E-05 -2.217E-05 -4.062E-05  9.542E-05  6.149E-05 
 2.723E-09 -1.762E-05 -3.160E-05 -7.783E-06 -2.336E-05 -6.524E-05  6.707E-05 -8.710E-06 -1.976E-05  3.620E-05 -7.566E-05 
 2.753E-09 -7.078E-06 -1.829E-05 -3.093E-06  6.349E-05  5.339E-06  5.958E-05 -1.897E-05 -3.935E-05  7.767E-05  3.191E-05 
 2.783E-09 -1.726E-05 -3.105E-05 -2.765E-06 -7.011E-07 -6.246E-05  7.200E-05 -1.926E-05 -3.299E-05  8.648E-05  3.171E-06 
 2.813E-09 -1.444E-05 -2.551E-05 -9.900E-06 -2.890E-05 -3.060E-05  5.807E-05 -6.429E-06 -1.725E-05  1.600E-05 -4.560E-05 
 2.843E-09 -1.011E-05 -2.403E-05 -2.493E-06 -2.112E-05 -1.498E-05  6.950E-05 -3.016E-05 -4.398E-05  1.381E-04  2.771E-05 
 2.873E-09 -1.479E-05 -2.757E-05 -6.631E-06 -1.309E-05 -7.349E-05  6.456E-05 -7.013E-06 -2.557E-05  1.372E-05 -2.426E-05 
 2.903E-09 -1.576E-05 -2.557E-05 -4.334E-06 -1.534E-05 -5.011E-06  5.955E-05 -1.699E-05 -2.446E-05  8.036E-05  2.167E-06 
 2.919E-09 -1.194E-05 -2.536E-05 -9.599E-06 -1.635E-05 -6.091E-05  6.081E-05 -3.230E-06 -2.568E-05 -3.664E-06 -1.632E-05 
 2.936E-09 -1.446E-05 -2.782E-05  8.868E-07 -1.836E-05 -3.356E-05  7.474E-05 -3.035E-05 -4.031E-05  1.306E-04 -1.640E-05 
 2.966E-09 -1.042E-05 -2.351E-05 -1.115E-05 -1.720E-05 -4.854E-05  5.723E-05  1.080E-06 -2.712E-05 -1.370E-05 -6.779E-06 
 2.991E-09 -1.739E-05 -2.987E-05 -4.567E-07 -1.468E-05 -2.440E-05  7.202E-05 -3.376E-05 -3.237E-05  1.511E-04 -4.698E-06 
 3.000E-09 -1.251E-05 -2.453E-05 -5.776E-06 -4.649E-06 -8.964E-06  5.972E-05 -1.917E-05 -2.570E-05  1.100E-04  3.055E-05 
