#format table ## [Custom WaveView] saved 16:49:18 Mon May 19 2025
TIME v(fext_diff1) v(fext_diff2) v(fext_diff3) v(fext_diff4) v(fext_diff5) v(next_diff1) v(next_diff2) v(next_diff3) v(next_diff4) v(next_diff5) 
 0.000E+00  2.694E-05 -3.779E-05  1.952E-05  1.925E-04  1.218E-04  2.347E-05 -4.376E-05 -6.041E-05 -7.517E-05  7.304E-05 
 1.000E-12  2.694E-05 -3.779E-05  1.952E-05  1.925E-04  1.218E-04  2.347E-05 -4.376E-05 -6.041E-05 -7.517E-05  7.304E-05 
 2.000E-12  2.694E-05 -3.779E-05  1.952E-05  1.925E-04  1.218E-04  2.347E-05 -4.376E-05 -6.041E-05 -7.517E-05  7.304E-05 
 5.200E-12  2.694E-05 -3.779E-05  1.952E-05  1.925E-04  1.218E-04  2.347E-05 -4.376E-05 -6.041E-05 -7.517E-05  7.304E-05 
 1.544E-11  2.694E-05 -3.779E-05  1.952E-05  1.925E-04  1.218E-04  2.347E-05 -4.376E-05 -6.041E-05 -7.517E-05  7.304E-05 
 2.500E-11  2.694E-05 -3.779E-05  1.952E-05  1.925E-04  1.218E-04  2.347E-05 -4.376E-05 -6.041E-05 -7.517E-05  7.304E-05 
 2.523E-11  2.694E-05 -3.779E-05  1.952E-05  1.925E-04  1.218E-04  2.347E-05 -4.376E-05 -6.041E-05 -7.517E-05  7.304E-05 
 2.559E-11  2.694E-05 -3.779E-05  1.952E-05  1.925E-04  1.218E-04  2.347E-05 -4.376E-05 -6.041E-05 -7.517E-05  7.304E-05 
 2.672E-11  2.694E-05 -3.779E-05  1.952E-05  1.925E-04  1.218E-04  2.347E-05 -4.376E-05 -6.041E-05 -7.517E-05  7.304E-05 
 3.035E-11  2.694E-05 -3.779E-05  1.952E-05  1.925E-04  1.218E-04  2.347E-05 -4.376E-05 -6.041E-05 -7.517E-05  7.304E-05 
 4.195E-11  2.694E-05 -3.779E-05  1.952E-05  1.925E-04  1.218E-04  2.347E-05 -4.376E-05 -6.041E-05 -7.517E-05  7.304E-05 
 7.195E-11  2.694E-05 -3.779E-05  1.952E-05  1.925E-04  1.218E-04  2.347E-05 -4.376E-05 -6.041E-05 -7.517E-05  7.304E-05 
 1.019E-10  2.694E-05 -3.779E-05  1.952E-05  1.925E-04  1.218E-04  2.347E-05 -4.376E-05 -6.041E-05 -7.517E-05  7.304E-05 
 1.319E-10  2.694E-05 -3.779E-05  1.952E-05  1.925E-04  1.218E-04  2.347E-05 -4.376E-05 -6.041E-05 -7.517E-05  7.304E-05 
 1.619E-10  2.694E-05 -3.779E-05  1.952E-05  1.925E-04  1.218E-04  2.347E-05 -4.376E-05 -6.041E-05 -7.517E-05  7.304E-05 
 1.919E-10  2.694E-05 -3.779E-05  1.952E-05  1.925E-04  1.218E-04  2.347E-05 -4.376E-05 -6.041E-05 -7.517E-05  7.304E-05 
 2.219E-10  2.694E-05 -3.779E-05  1.952E-05  1.925E-04  1.218E-04  2.347E-05 -4.376E-05 -6.041E-05 -7.517E-05  7.304E-05 
 2.519E-10  2.694E-05 -3.779E-05  1.952E-05  1.925E-04  1.218E-04  2.347E-05 -4.376E-05 -6.041E-05 -7.517E-05  7.304E-05 
 2.819E-10  2.694E-05 -3.779E-05  1.952E-05  1.925E-04  1.218E-04  2.347E-05 -4.376E-05 -6.041E-05 -7.517E-05  7.304E-05 
 3.119E-10  2.694E-05 -3.779E-05  1.952E-05  1.925E-04  1.218E-04  2.347E-05 -4.376E-05 -6.041E-05 -7.517E-05  7.304E-05 
 3.419E-10  2.694E-05 -3.779E-05  1.952E-05  1.925E-04  1.218E-04  2.347E-05 -4.376E-05 -6.041E-05 -7.517E-05  7.304E-05 
 3.719E-10  2.694E-05 -3.779E-05  1.953E-05  1.925E-04  1.218E-04  2.347E-05 -4.376E-05 -6.041E-05 -7.517E-05  7.305E-05 
 4.019E-10  2.694E-05 -3.779E-05  1.953E-05  1.925E-04  1.218E-04  2.347E-05 -4.376E-05 -6.041E-05 -7.517E-05  7.304E-05 
 4.319E-10  2.694E-05 -3.779E-05  1.952E-05  1.925E-04  1.218E-04  2.347E-05 -4.376E-05 -6.041E-05 -7.517E-05  7.304E-05 
 4.619E-10  2.694E-05 -3.779E-05  1.952E-05  1.925E-04  1.218E-04  2.347E-05 -4.376E-05 -6.041E-05 -7.517E-05  7.304E-05 
 4.919E-10  2.694E-05 -3.779E-05  1.952E-05  1.925E-04  1.218E-04  2.347E-05 -4.376E-05 -6.041E-05 -7.517E-05  7.304E-05 
 4.994E-10  2.694E-05 -3.779E-05  1.952E-05  1.925E-04  1.218E-04  2.347E-05 -4.376E-05 -6.041E-05 -7.517E-05  7.304E-05 
 5.009E-10  2.731E-05 -3.681E-05  2.057E-05  1.917E-04  1.225E-04  2.389E-05 -6.094E-05 -7.418E-05 -9.208E-05  6.294E-05 
 5.043E-10  2.865E-05 -3.335E-05  2.427E-05  1.890E-04  1.248E-04  2.536E-05 -1.221E-04 -1.232E-04 -1.522E-04  2.700E-05 
 5.057E-10  2.921E-05 -3.178E-05  2.590E-05  1.878E-04  1.259E-04  2.615E-05 -1.482E-04 -1.457E-04 -1.787E-04  1.042E-05 
 5.075E-10  2.996E-05 -2.920E-05  2.843E-05  1.861E-04  1.276E-04  2.787E-05 -1.849E-04 -1.840E-04 -2.186E-04 -1.771E-05 
 5.133E-10  3.209E-05 -2.088E-05  3.656E-05  1.807E-04  1.330E-04  3.518E-05 -3.012E-04 -3.232E-04 -3.499E-04 -1.209E-04 
 5.214E-10  3.248E-05 -1.522E-05  4.283E-05  1.768E-04  1.362E-04  5.125E-05 -4.026E-04 -5.323E-04 -4.791E-04 -2.819E-04 
 5.238E-10  3.197E-05 -1.550E-05  4.285E-05  1.768E-04  1.358E-04  5.695E-05 -4.106E-04 -5.869E-04 -4.963E-04 -3.258E-04 
 5.257E-10  3.095E-05 -1.783E-05  4.075E-05  1.782E-04  1.340E-04  6.174E-05 -3.892E-04 -6.114E-04 -4.799E-04 -3.480E-04 
 5.279E-10  2.922E-05 -2.212E-05  3.663E-05  1.810E-04  1.308E-04  6.662E-05 -3.374E-04 -6.176E-04 -4.339E-04 -3.576E-04 
 5.298E-10  2.772E-05 -2.625E-05  3.259E-05  1.837E-04  1.278E-04  7.096E-05 -2.877E-04 -6.173E-04 -3.880E-04 -3.622E-04 
 5.311E-10  2.663E-05 -3.000E-05  2.890E-05  1.860E-04  1.251E-04  7.398E-05 -2.445E-04 -6.065E-04 -3.446E-04 -3.583E-04 
 5.356E-10  2.328E-05 -4.347E-05  1.574E-05  1.937E-04  1.154E-04  8.195E-05 -9.602E-05 -5.407E-04 -1.855E-04 -3.231E-04 
 5.425E-10  2.174E-05 -5.917E-05 -1.455E-06  2.019E-04  1.037E-04  8.941E-05  9.020E-05 -3.702E-04  3.917E-05 -2.132E-04 
 5.513E-10  2.699E-05 -5.558E-05 -2.159E-06  1.976E-04  1.049E-04  8.911E-05  9.848E-05 -1.710E-04  9.342E-05 -6.692E-05 
 5.609E-10  3.291E-05 -2.828E-05  2.179E-05  1.812E-04  1.227E-04  8.228E-05 -8.133E-05 -1.076E-04 -1.391E-04 -1.082E-05 
 5.707E-10  3.147E-05 -1.429E-07  4.476E-05  1.727E-04  1.413E-04  7.896E-05 -1.187E-04 -1.942E-04 -3.829E-04 -1.006E-04 
 5.808E-10  2.813E-05  1.229E-06  4.288E-05  1.787E-04  1.415E-04  8.036E-05 -7.124E-05 -3.056E-04 -3.791E-04 -2.549E-04 
 5.854E-10  2.875E-05 -6.543E-06  3.597E-05  1.815E-04  1.361E-04  7.883E-05 -1.323E-04 -3.347E-04 -3.167E-04 -3.000E-04 
 5.982E-10  3.442E-05 -3.085E-05  2.168E-05  1.772E-04  1.180E-04  5.828E-05 -5.938E-04 -3.379E-04 -1.225E-04 -2.475E-04 
 6.079E-10  3.470E-05 -2.543E-05  2.970E-05  1.694E-04  1.216E-04  3.414E-05 -7.054E-04 -3.183E-04 -1.465E-05 -9.994E-05 
 6.109E-10  3.355E-05 -1.922E-05  3.497E-05  1.684E-04  1.259E-04  2.840E-05 -6.339E-04 -3.177E-04  1.229E-05 -6.686E-05 
 6.200E-10  2.991E-05 -1.496E-06  4.883E-05  1.730E-04  1.398E-04  2.251E-05 -2.070E-04 -3.281E-04  4.425E-05 -6.092E-05 
 6.273E-10  2.979E-05  5.898E-07  5.058E-05  1.805E-04  1.425E-04  2.984E-05  7.723E-05 -3.272E-04 -6.547E-05 -1.347E-04 
 6.344E-10  3.268E-05 -9.805E-06  4.164E-05  1.844E-04  1.352E-04  4.011E-05  7.230E-05 -2.979E-04 -3.212E-04 -2.046E-04 
 6.415E-10  3.564E-05 -2.361E-05  2.600E-05  1.814E-04  1.234E-04  4.414E-05 -2.125E-04 -2.449E-04 -6.481E-04 -1.838E-04 
 6.445E-10  3.602E-05 -2.732E-05  2.016E-05  1.785E-04  1.194E-04  4.218E-05 -3.669E-04 -2.228E-04 -7.674E-04 -1.357E-04 
 6.517E-10  3.452E-05 -2.811E-05  1.456E-05  1.713E-04  1.159E-04  3.027E-05 -6.516E-04 -1.918E-04 -9.009E-04  2.346E-05 
 6.596E-10  3.063E-05 -1.603E-05  2.631E-05  1.694E-04  1.245E-04  1.072E-05 -6.323E-04 -2.243E-04 -6.211E-04  1.646E-04 
 6.628E-10  2.954E-05 -9.896E-06  3.526E-05  1.713E-04  1.302E-04  4.197E-06 -5.211E-04 -2.548E-04 -4.076E-04  1.824E-04 
 6.708E-10  3.034E-05 -8.062E-07  6.165E-05  1.800E-04  1.427E-04 -1.725E-06 -1.786E-04 -3.343E-04  5.334E-05  8.403E-05 
 6.784E-10  3.477E-05 -6.566E-06  7.179E-05  1.870E-04  1.435E-04  1.028E-05 -2.956E-05 -3.383E-04 -4.667E-05 -1.956E-04 
 6.835E-10  3.727E-05 -1.565E-05  5.655E-05  1.875E-04  1.371E-04  2.415E-05 -1.011E-04 -2.795E-04 -4.305E-04 -3.509E-04 
 6.897E-10  3.738E-05 -2.606E-05  1.581E-05  1.832E-04  1.254E-04  4.087E-05 -3.264E-04 -1.464E-04 -1.090E-03 -3.231E-04 
 6.987E-10  3.169E-05 -2.734E-05 -2.336E-05  1.737E-04  1.154E-04  4.868E-05 -5.953E-04  4.484E-05 -1.817E-03  1.710E-04 
 7.021E-10  2.938E-05 -2.305E-05 -8.318E-06  1.720E-04  1.173E-04  4.297E-05 -5.782E-04  6.383E-05 -1.959E-03  2.864E-04 
 7.130E-10  2.826E-05 -6.236E-06  8.354E-05  1.774E-04  1.366E-04  5.152E-07 -1.305E-04 -1.727E-04 -1.997E-03 -2.055E-05 
 7.219E-10  3.546E-05 -6.967E-06  9.196E-05  1.881E-04  1.471E-04 -4.100E-05  3.353E-04 -6.867E-04 -1.948E-03 -9.092E-04 
 7.315E-10  3.965E-05 -2.111E-05  9.514E-06  1.898E-04  1.383E-04 -4.798E-05  4.688E-04 -1.322E-03 -1.822E-03 -1.308E-03 
 7.358E-10  3.811E-05 -2.600E-05 -1.983E-05  1.862E-04  1.310E-04 -2.898E-05  4.384E-04 -1.551E-03 -1.720E-03 -1.278E-03 
 7.466E-10  2.838E-05 -2.096E-05  1.351E-05  1.743E-04  1.190E-04  9.969E-05  6.161E-04 -1.890E-03 -1.324E-03 -1.341E-03 
 7.553E-10  2.621E-05 -7.689E-06  6.897E-05  1.749E-04  1.254E-04  2.761E-04  1.407E-03 -1.950E-03 -9.192E-04 -1.654E-03 
 7.652E-10  3.385E-05 -7.049E-06  7.354E-05  1.865E-04  1.415E-04  4.874E-04  2.649E-03 -1.881E-03 -6.115E-04 -1.673E-03 
 7.675E-10  3.593E-05 -1.039E-05  6.617E-05  1.891E-04  1.442E-04  5.239E-04  2.881E-03 -1.851E-03 -5.879E-04 -1.611E-03 
 7.715E-10  3.879E-05 -1.728E-05  5.047E-05  1.925E-04  1.475E-04  5.735E-04  3.226E-03 -1.775E-03 -5.670E-04 -1.461E-03 
 7.821E-10  3.611E-05 -3.074E-05  8.832E-06  1.886E-04  1.392E-04  5.317E-04  3.377E-03 -1.448E-03 -5.816E-04 -1.035E-03 
 7.905E-10  2.760E-05 -1.929E-05  9.640E-06  1.777E-04  1.241E-04  3.002E-04  2.953E-03 -1.062E-03 -3.918E-04 -8.710E-04 
 8.028E-10  2.731E-05  4.199E-06  5.048E-05  1.750E-04  1.209E-04 -1.343E-04  2.244E-03 -4.682E-04  3.080E-04 -8.167E-04 
 8.134E-10  3.932E-05 -1.601E-05  6.484E-05  1.888E-04  1.411E-04 -2.797E-04  1.403E-03 -9.394E-05  7.929E-04 -4.508E-04 
 8.236E-10  4.242E-05 -4.998E-05  4.348E-05  1.959E-04  1.526E-04 -6.116E-05 -6.071E-05  5.650E-05  6.867E-04  1.478E-04 
 8.358E-10  2.612E-05 -2.240E-05  6.456E-06  1.816E-04  1.303E-04  4.348E-04 -1.911E-03 -6.036E-05  8.809E-05  5.254E-04 
 8.504E-10  1.232E-05  4.103E-05  1.688E-05  1.693E-04  1.120E-04  6.421E-04 -1.523E-03 -4.249E-04 -1.857E-04  1.284E-04 
 8.635E-10  1.184E-05 -3.913E-05  5.208E-05  1.898E-04  1.409E-04  2.807E-04  4.759E-04 -3.920E-04  9.250E-05 -1.621E-04 
 8.695E-10  2.335E-07 -8.166E-05  4.258E-05  1.995E-04  1.513E-04  7.603E-05  9.051E-04 -1.778E-04  2.158E-04 -6.950E-05 
 8.767E-10 -3.672E-05 -7.216E-05  3.250E-06  1.983E-04  1.479E-04 -8.248E-05  6.754E-04  1.587E-04  2.833E-04  1.765E-04 
 8.813E-10 -7.804E-05 -2.402E-05 -2.881E-05  1.867E-04  1.353E-04 -1.173E-04  2.123E-04  3.475E-04  2.759E-04  3.341E-04 
 8.963E-10 -3.126E-04  1.252E-04  1.573E-05  8.776E-05  9.460E-05  1.880E-05 -8.924E-04  2.906E-04  9.588E-05  1.892E-04 
 9.097E-10 -5.428E-04 -2.363E-04  4.649E-04 -9.134E-06  1.840E-04  8.186E-05 -7.035E-05 -2.820E-04 -2.342E-05 -4.810E-04 
 9.142E-10 -5.832E-04 -4.319E-04  6.850E-04 -2.556E-05  2.216E-04  5.544E-05  2.582E-04 -3.451E-04 -2.613E-05 -5.434E-04 
 9.176E-10 -6.010E-04 -5.531E-04  8.456E-04 -3.406E-05  2.384E-04  2.770E-05  4.223E-04 -3.344E-04 -2.255E-05 -5.209E-04 
 9.270E-10 -5.772E-04 -5.502E-04  1.137E-03 -5.542E-05  1.445E-04 -4.849E-05  2.545E-04  5.295E-05 -1.493E-05 -6.952E-05 
 9.340E-10 -5.329E-04 -5.148E-05  1.074E-03 -1.211E-04 -1.271E-04 -7.236E-05 -2.470E-04  5.256E-04 -6.110E-05  3.379E-04 
 9.406E-10 -5.205E-04  7.585E-04  7.529E-04 -2.652E-04 -5.249E-04 -6.754E-05 -6.351E-04  9.327E-04 -1.636E-04  4.548E-04 
 9.485E-10 -5.878E-04  1.816E-03  1.242E-04 -5.622E-04 -1.036E-03 -6.115E-05 -6.068E-04  1.210E-03 -3.227E-04 -3.064E-06 
 9.494E-10 -6.022E-04  1.926E-03  4.094E-05 -6.045E-04 -1.090E-03 -6.199E-05 -5.610E-04  1.227E-03 -3.382E-04 -9.421E-05 
 9.511E-10 -6.280E-04  2.108E-03 -1.003E-04 -6.782E-04 -1.177E-03 -6.454E-05 -4.777E-04  1.251E-03 -3.649E-04 -2.672E-04 
 9.563E-10 -7.308E-04  2.482E-03 -5.204E-04 -9.308E-04 -1.340E-03 -9.293E-05 -6.352E-05  1.265E-03 -4.097E-04 -9.782E-04 
 9.619E-10 -8.477E-04  2.508E-03 -8.342E-04 -1.173E-03 -1.284E-03 -1.519E-04  4.502E-04  1.242E-03 -3.786E-04 -1.808E-03 
 9.668E-10 -9.275E-04  2.204E-03 -9.395E-04 -1.300E-03 -1.006E-03 -2.210E-04  8.184E-04  1.236E-03 -2.886E-04 -2.430E-03 
 9.725E-10 -9.680E-04  1.575E-03 -8.797E-04 -1.303E-03 -4.455E-04 -3.107E-04  1.068E-03  1.279E-03 -1.285E-04 -2.912E-03 
 9.782E-10 -9.319E-04  8.226E-04 -6.699E-04 -1.115E-03  2.840E-04 -4.016E-04  1.112E-03  1.387E-03  5.572E-05 -3.067E-03 
 9.855E-10 -7.756E-04 -1.507E-05 -2.862E-04 -6.224E-04  1.239E-03 -5.226E-04  1.012E-03  1.581E-03  2.399E-04 -2.853E-03 
 9.887E-10 -6.696E-04 -2.774E-04 -9.051E-05 -3.341E-04  1.596E-03 -5.924E-04  9.856E-04  1.668E-03  2.874E-04 -2.668E-03 
 9.956E-10 -4.036E-04 -5.405E-04  2.901E-04  3.045E-04  2.061E-03 -7.797E-04  1.042E-03  1.809E-03  3.680E-04 -2.196E-03 
 9.974E-10 -3.310E-04 -5.567E-04  3.799E-04  4.624E-04  2.121E-03 -8.373E-04  1.086E-03  1.834E-03  3.890E-04 -2.080E-03 
 1.003E-09 -1.002E-04 -5.283E-04  5.778E-04  8.780E-04  2.070E-03 -1.077E-03  1.300E-03  1.854E-03  5.472E-04 -1.763E-03 
 1.009E-09  1.158E-04 -4.739E-04  6.178E-04  1.136E-03  1.758E-03 -1.376E-03  1.538E-03  1.783E-03  7.237E-04 -1.533E-03 
 1.017E-09  3.385E-04 -5.330E-04  3.998E-04  1.174E-03  1.142E-03 -1.783E-03  1.690E-03  1.510E-03  6.314E-04 -1.351E-03 
 1.024E-09  4.465E-04 -7.375E-04  6.296E-05  9.505E-04  6.761E-04 -2.019E-03  1.554E-03  1.065E-03  8.567E-05 -1.210E-03 
 1.033E-09  4.480E-04 -9.223E-04 -1.833E-04  5.818E-04  4.955E-04 -1.965E-03  1.202E-03  3.687E-04 -5.581E-04 -9.441E-04 
 1.040E-09  3.591E-04 -8.214E-04 -1.633E-04  3.326E-04  5.901E-04 -1.625E-03  9.813E-04 -2.339E-04 -4.759E-04 -5.825E-04 
 1.047E-09  2.075E-04 -4.811E-04 -7.449E-06  1.864E-04  7.246E-04 -1.114E-03  9.097E-04 -7.057E-04  9.270E-05 -1.452E-04 
 1.057E-09 -4.212E-05  5.415E-05  2.363E-04  1.406E-04  5.838E-04 -4.484E-04  9.038E-04 -9.099E-04  7.184E-04  3.203E-04 
 1.064E-09 -2.163E-04  1.976E-04  3.325E-04  1.689E-04  6.591E-05 -1.744E-04  6.894E-04 -7.069E-04  5.614E-04  3.663E-04 
 1.073E-09 -3.198E-04 -2.740E-05  3.203E-04  2.272E-04 -5.908E-04 -1.882E-04  1.225E-04 -3.063E-04  3.669E-07  8.669E-05 
 1.084E-09 -2.256E-04 -4.466E-04  2.335E-04  3.212E-04 -6.903E-04 -4.133E-04 -7.126E-04 -2.678E-05 -5.648E-04 -2.377E-04 
 1.092E-09 -2.082E-05 -4.443E-04  1.913E-04  3.721E-04 -2.716E-04 -4.371E-04 -9.101E-04 -1.190E-04 -5.747E-04 -4.095E-05 
 1.102E-09  2.182E-04 -7.502E-05  1.846E-04  3.426E-04  1.398E-04 -1.746E-04 -4.993E-04 -3.266E-04 -2.152E-04  5.748E-04 
 1.113E-09  2.587E-04  2.493E-04  2.023E-04  1.514E-04  2.069E-04  2.145E-04  2.137E-04 -2.674E-04  1.684E-04  9.304E-04 
 1.122E-09  7.932E-05  1.718E-04  2.376E-04 -7.165E-05  1.599E-04  3.072E-04  4.766E-04  7.228E-05  2.674E-04  6.306E-04 
 1.130E-09 -1.325E-04 -4.772E-05  2.651E-04 -2.314E-04  1.297E-04  8.809E-05  3.236E-04  4.467E-04  2.142E-04  1.334E-04 
 1.138E-09 -2.368E-04 -1.431E-04  2.616E-04 -2.849E-04  1.248E-04 -2.927E-04  3.240E-05  6.726E-04  1.507E-04 -1.458E-04 
 1.145E-09 -1.852E-04 -3.057E-05  2.029E-04 -2.440E-04  1.395E-04 -6.062E-04 -9.062E-05  6.776E-04  1.548E-04 -8.234E-05 
 1.154E-09 -6.541E-06  1.872E-04  6.198E-05 -1.363E-04  1.158E-04 -7.105E-04  1.189E-04  4.621E-04  2.049E-04  1.786E-04 
 1.161E-09  1.130E-04  2.039E-04 -2.052E-05 -6.013E-05  6.599E-05 -5.572E-04  4.508E-04  2.352E-04  2.177E-04  2.738E-04 
 1.164E-09  1.365E-04  1.509E-04 -2.632E-05 -3.861E-05  4.885E-05 -4.583E-04  5.731E-04  1.533E-04  2.105E-04  2.715E-04 
 1.167E-09  1.432E-04  1.072E-05 -6.125E-06 -2.019E-05  3.878E-05 -2.961E-04  7.135E-04  5.461E-05  1.823E-04  2.253E-04 
 1.175E-09  7.865E-05 -4.006E-04  3.623E-05 -1.273E-05  7.717E-05  3.069E-05  7.771E-04 -7.196E-05  1.006E-04  1.616E-04 
 1.184E-09 -3.181E-05 -7.415E-04 -9.013E-05 -2.883E-05  2.229E-04  2.006E-04  4.565E-04 -8.493E-05  3.370E-05  3.654E-04 
 1.195E-09 -7.235E-05 -6.020E-04 -2.931E-04 -8.761E-06  3.423E-04  7.075E-05 -1.022E-04 -2.985E-05  3.198E-05  9.247E-04 
 1.203E-09 -3.919E-05 -2.282E-04 -1.916E-04  6.785E-05  1.980E-04 -1.450E-04 -3.504E-04 -1.863E-05  4.805E-05  1.180E-03 
 1.215E-09 -1.314E-05  1.146E-04  2.095E-04  3.170E-04 -2.595E-04 -3.571E-04 -2.757E-04 -1.189E-04 -2.224E-05  7.290E-04 
 1.225E-09 -2.981E-05 -4.807E-06  2.102E-04  4.930E-04 -1.950E-04 -3.428E-04 -1.377E-04 -1.764E-04 -1.389E-04  1.708E-04 
 1.235E-09  4.015E-06 -2.518E-05  1.139E-04  5.500E-04  1.098E-04 -3.235E-04 -1.345E-04 -8.257E-05 -2.027E-04  1.577E-05 
 1.246E-09  1.154E-04  4.122E-04  1.440E-04  4.396E-04  2.368E-04 -4.033E-04 -1.428E-04  1.796E-04 -1.128E-04  3.027E-04 
 1.255E-09  1.977E-04  8.287E-04  1.568E-04  3.642E-04  1.771E-04 -4.497E-04  1.826E-05  3.617E-04  2.955E-05  4.416E-04 
 1.257E-09  2.121E-04  8.880E-04  1.465E-04  3.516E-04  1.556E-04 -4.376E-04  7.631E-05  3.903E-04  6.151E-05  4.405E-04 
 1.259E-09  2.222E-04  9.035E-04  1.224E-04  3.420E-04  1.257E-04 -3.992E-04  1.488E-04  4.047E-04  8.915E-05  4.083E-04 
 1.267E-09  2.435E-04  7.082E-04 -3.954E-06  2.811E-04  1.885E-05 -2.153E-04  3.354E-04  3.733E-04  1.153E-04  2.240E-04 
 1.274E-09  2.679E-04  3.127E-04 -1.306E-04  1.891E-04 -6.698E-05 -1.060E-04  3.506E-04  2.769E-04  5.459E-05  7.463E-05 
 1.285E-09  2.759E-04 -2.381E-04 -2.171E-04  1.708E-04 -2.379E-05 -1.833E-04  7.727E-05  1.202E-04 -1.099E-04  5.639E-05 
 1.294E-09  1.352E-04 -1.466E-04 -1.059E-04  3.484E-04  2.012E-04 -8.432E-05 -1.789E-04  9.065E-05 -1.528E-04  2.375E-04 
 1.306E-09 -2.878E-05  3.930E-04  1.015E-04  2.595E-04  3.049E-04  4.260E-04 -1.050E-04  1.461E-04 -1.094E-05  3.980E-04 
 1.316E-09  1.631E-05  4.823E-04  1.088E-04 -6.816E-05  2.886E-05  4.901E-04  1.798E-04  1.621E-04  1.048E-04  3.213E-04 
 1.327E-09  6.803E-05  7.533E-06 -1.137E-04  4.050E-05 -4.740E-04  1.114E-05  3.496E-04  1.422E-04  8.620E-05  1.448E-04 
 1.338E-09 -9.499E-06 -3.138E-04 -3.181E-04  3.521E-04 -5.287E-04 -2.147E-04  1.928E-04  1.686E-04 -7.326E-06  2.073E-04 
 1.341E-09 -2.679E-05 -2.963E-04 -3.386E-04  3.536E-04 -4.554E-04 -2.061E-04  1.389E-04  1.867E-04 -1.805E-05  2.743E-04 
 1.345E-09 -4.016E-05 -2.294E-04 -3.416E-04  3.098E-04 -3.167E-04 -1.717E-04  7.614E-05  2.144E-04 -2.245E-05  3.838E-04 
 1.357E-09 -1.531E-06  1.554E-04 -1.728E-04 -3.892E-05  2.109E-04 -1.710E-05  3.396E-05  2.857E-04  3.159E-05  7.258E-04 
 1.366E-09  1.155E-04  1.438E-04  2.343E-05 -1.331E-04  3.679E-04 -1.959E-05  6.508E-05  2.592E-04  1.775E-05  6.992E-04 
 1.379E-09  3.020E-04 -3.843E-04  1.213E-04  1.012E-05  1.795E-04 -1.489E-04 -8.785E-05  9.905E-05 -1.920E-04  2.456E-04 
 1.392E-09  3.196E-04 -5.666E-04  1.548E-05  1.770E-04  1.271E-04 -1.520E-04 -2.343E-04 -7.545E-05 -3.553E-04 -4.857E-05 
 1.403E-09  2.001E-04 -1.842E-04 -5.292E-05  2.578E-04  3.699E-04 -7.172E-05  1.568E-05 -1.408E-04 -2.333E-04  2.601E-05 
 1.418E-09  1.343E-04  3.757E-06  7.958E-05  3.167E-04  5.127E-04 -8.292E-05  4.866E-04 -8.424E-05  7.898E-05  2.688E-05 
 1.421E-09  1.375E-04 -5.066E-05  1.232E-04  3.233E-04  4.926E-04 -1.004E-04  5.163E-04 -6.823E-05  1.204E-04 -9.368E-06 
 1.424E-09  1.410E-04 -1.145E-04  1.560E-04  3.260E-04  4.631E-04 -1.134E-04  5.011E-04 -5.658E-05  1.329E-04 -4.095E-05 
 1.426E-09  1.430E-04 -1.644E-04  1.808E-04  3.271E-04  4.356E-04 -1.235E-04  4.810E-04 -4.773E-05  1.399E-04 -6.724E-05 
 1.427E-09  1.406E-04 -2.002E-04  1.978E-04  3.245E-04  4.145E-04 -1.262E-04  4.481E-04 -4.339E-05  1.380E-04 -7.926E-05 
 1.432E-09  1.264E-04 -2.849E-04  2.319E-04  3.164E-04  3.574E-04 -1.274E-04  3.210E-04 -3.963E-05  1.103E-04 -9.841E-05 
 1.437E-09  8.091E-05 -2.999E-04  2.415E-04  2.959E-04  3.168E-04 -1.001E-04  1.307E-04 -5.265E-05  4.860E-05 -6.116E-05 
 1.442E-09  2.375E-06 -2.011E-04  2.150E-04  2.689E-04  3.125E-04 -4.626E-05 -7.620E-05 -8.322E-05 -3.034E-05  4.766E-05 
 1.452E-09 -1.324E-04  1.248E-04  1.033E-04  2.509E-04  3.628E-04  3.916E-05 -2.876E-04 -1.439E-04 -1.242E-04  2.928E-04 
 1.461E-09 -1.726E-04  3.190E-04 -1.370E-05  3.012E-04  3.552E-04  1.749E-05 -2.498E-04 -1.595E-04 -1.094E-04  3.908E-04 
 1.463E-09 -1.711E-04  3.142E-04 -3.023E-05  3.147E-04  3.360E-04 -2.817E-06 -2.250E-04 -1.553E-04 -9.662E-05  3.820E-04 
 1.466E-09 -1.623E-04  2.806E-04 -4.912E-05  3.381E-04  2.945E-04 -3.999E-05 -1.807E-04 -1.441E-04 -7.258E-05  3.475E-04 
 1.468E-09 -1.547E-04  2.381E-04 -5.932E-05  3.514E-04  2.555E-04 -7.340E-05 -1.476E-04 -1.325E-04 -5.176E-05  3.119E-04 
 1.473E-09 -1.319E-04  7.540E-05 -6.145E-05  3.654E-04  1.373E-04 -1.579E-04 -8.151E-05 -9.925E-05 -5.523E-06  1.906E-04 
 1.475E-09 -1.170E-04 -5.557E-06 -5.241E-05  3.549E-04  8.308E-05 -1.892E-04 -6.647E-05 -8.487E-05  9.688E-06  1.335E-04 
 1.481E-09 -7.089E-05 -1.747E-04 -1.679E-05  2.984E-04 -2.746E-05 -2.381E-04 -6.671E-05 -5.748E-05  3.132E-05  1.478E-05 
 1.487E-09  1.799E-06 -2.565E-04  3.445E-05  1.791E-04 -8.292E-05 -2.264E-04 -1.277E-04 -4.881E-05  2.668E-05 -4.742E-05 
 1.498E-09  1.181E-04 -7.695E-05  9.496E-05 -5.183E-05  4.492E-05 -5.302E-05 -2.945E-04 -8.805E-05 -4.938E-06  5.591E-05 
 1.500E-09  1.198E-04  1.164E-06  9.497E-05 -7.962E-05  1.051E-04  1.309E-06 -3.240E-04 -1.016E-04 -4.856E-06  1.067E-04 
 1.508E-09  6.324E-05  1.634E-04  7.325E-05 -7.514E-05  2.755E-04  1.245E-04 -3.545E-04 -1.369E-04  2.286E-05  2.430E-04 
 1.515E-09 -5.339E-05  1.473E-04  1.809E-05  6.770E-05  3.797E-04  1.712E-04 -2.926E-04 -1.583E-04  9.256E-05  3.075E-04 
 1.526E-09 -1.103E-04 -1.487E-04 -4.866E-05  2.922E-04  3.152E-04  9.635E-05 -1.493E-04 -1.636E-04  1.679E-04  2.017E-04 
 1.535E-09 -3.821E-05 -3.823E-04 -6.904E-05  3.301E-04  1.532E-04  1.138E-05 -8.901E-05 -1.713E-04  1.515E-04  1.425E-05 
 1.544E-09  3.102E-05 -3.160E-04 -5.262E-05  2.043E-04  6.536E-05  1.925E-05 -1.492E-04 -1.794E-04  8.367E-05 -6.566E-05 
 1.555E-09  2.377E-05 -4.005E-06 -1.192E-05  8.444E-05  1.103E-04  1.143E-04 -2.646E-04 -1.576E-04  4.738E-05  5.494E-05 
 1.564E-09 -3.885E-05  1.110E-04  1.550E-05  1.680E-04  1.766E-04  1.442E-04 -2.544E-04 -1.035E-04  9.275E-05  1.978E-04 
 1.574E-09 -8.079E-05 -4.508E-05  2.616E-05  3.592E-04  1.757E-04  6.951E-05 -1.122E-04 -4.109E-05  1.486E-04  2.373E-04 
 1.577E-09 -7.709E-05 -1.187E-04  2.323E-05  3.970E-04  1.589E-04  3.613E-05 -6.534E-05 -3.070E-05  1.500E-04  2.176E-04 
 1.581E-09 -6.173E-05 -2.105E-04  1.580E-05  4.143E-04  1.238E-04 -7.434E-06 -1.429E-05 -2.261E-05  1.316E-04  1.809E-04 
 1.593E-09  4.499E-06 -2.459E-04 -2.145E-05  2.680E-04  4.249E-05 -4.562E-05 -1.764E-05 -4.019E-05 -6.225E-06  1.164E-04 
 1.601E-09  3.156E-05 -6.346E-05 -4.449E-05  8.716E-05  2.305E-05  1.126E-05 -1.303E-04 -7.391E-05 -1.340E-04  1.656E-04 
 1.605E-09  3.044E-05  3.184E-05 -4.570E-05  3.160E-05  1.892E-05  4.332E-05 -1.780E-04 -8.897E-05 -1.790E-04  1.969E-04 
 1.609E-09  2.444E-05  1.211E-04 -3.928E-05 -3.857E-06  1.170E-05  7.300E-05 -2.147E-04 -1.072E-04 -2.158E-04  2.288E-04 
 1.623E-09  2.259E-05  1.097E-04  2.758E-05  7.444E-05 -7.809E-05  3.660E-05 -1.296E-04 -1.477E-04 -1.909E-04  1.397E-04 
 1.634E-09  8.552E-05 -4.773E-05  7.641E-05  9.598E-05 -1.686E-04 -6.615E-05 -3.049E-05 -1.545E-04 -8.907E-05 -4.340E-05 
 1.646E-09  1.388E-04 -1.757E-05  7.025E-05 -2.625E-05 -1.362E-04 -6.561E-05 -1.359E-04 -1.181E-04 -1.593E-05 -5.130E-05 
 1.656E-09  9.089E-05  1.437E-04  4.173E-05 -3.600E-05  1.511E-05  3.870E-05 -2.860E-04 -6.761E-05 -3.256E-05  1.235E-04 
 1.670E-09 -1.699E-05  1.475E-04  6.080E-05  2.727E-04  1.933E-04  8.312E-05 -2.138E-04 -4.196E-05 -1.081E-04  2.527E-04 
 1.681E-09 -2.236E-05 -3.573E-05  1.041E-04  4.921E-04  2.167E-04 -1.368E-05 -6.574E-05 -6.357E-05 -1.391E-04  1.613E-04 
 1.695E-09  4.344E-05 -1.676E-04  9.807E-05  4.364E-04  2.002E-04 -9.835E-05 -1.131E-04 -8.920E-05 -1.498E-04  3.306E-05 
 1.708E-09  6.416E-05 -5.086E-05  2.917E-05  2.538E-04  2.211E-04  1.283E-06 -2.404E-04 -7.480E-05 -1.546E-04  9.189E-05 
 1.723E-09  6.179E-05  4.846E-06  2.546E-05  2.607E-04  1.599E-04  6.113E-05 -1.094E-04 -6.463E-05 -1.082E-04  1.682E-04 
 1.737E-09  9.348E-05 -9.501E-05  8.242E-05  2.951E-04  1.026E-05 -3.566E-05 -5.704E-05 -9.320E-05 -4.826E-05  9.995E-05 
 1.751E-09  1.013E-04 -9.985E-05  7.257E-05  2.347E-04 -3.320E-05 -4.388E-05 -2.288E-04 -1.234E-04 -8.320E-05  6.996E-05 
 1.764E-09  4.637E-05  3.573E-07  3.188E-05  2.583E-04  3.292E-05  5.804E-05 -2.234E-04 -1.035E-04 -1.558E-04  1.483E-04 
 1.777E-09 -7.761E-06  3.409E-05  6.370E-05  3.622E-04  4.226E-05  7.222E-05 -4.846E-05 -4.952E-05 -1.639E-04  1.297E-04 
 1.783E-09 -1.397E-05  1.053E-05  1.022E-04  3.881E-04  1.682E-05  3.407E-05 -1.468E-05 -3.315E-05 -1.496E-04  6.743E-05 
 1.788E-09 -8.240E-06 -1.694E-05  1.312E-04  3.838E-04 -5.343E-06 -6.297E-07 -3.633E-05 -3.163E-05 -1.376E-04  1.137E-05 
 1.792E-09  1.382E-08 -3.639E-05  1.476E-04  3.671E-04 -1.345E-05 -2.096E-05 -7.475E-05 -3.776E-05 -1.316E-04 -1.954E-05 
 1.805E-09  2.009E-05 -4.612E-05  1.372E-04  2.879E-04  5.136E-05 -1.040E-05 -1.985E-04 -8.049E-05 -1.420E-04  1.821E-05 
 1.815E-09  4.128E-06 -1.165E-06  8.161E-05  2.639E-04  1.722E-04  3.958E-05 -1.705E-04 -9.239E-05 -1.715E-04  1.252E-04 
 1.831E-09 -1.890E-05  1.255E-05  1.412E-05  2.576E-04  2.379E-04  1.673E-05 -5.589E-05 -6.012E-05 -1.868E-04  9.111E-05 
 1.844E-09  2.923E-05 -6.079E-05  1.316E-06  1.735E-04  1.217E-04 -4.101E-05 -1.135E-04 -7.215E-05 -1.365E-04 -3.534E-05 
 1.858E-09  6.989E-05 -6.193E-05 -6.284E-06  6.996E-05  2.766E-05  2.512E-06 -1.709E-04 -9.881E-05 -8.725E-05  9.925E-06 
 1.873E-09  1.562E-05  5.174E-05  1.061E-06  8.993E-05  5.343E-05  6.021E-05 -1.147E-04 -5.690E-05 -1.116E-04  1.387E-04 
 1.877E-09 -4.828E-06  6.912E-05  8.609E-06  1.124E-04  6.086E-05  5.197E-05 -1.016E-04 -4.245E-05 -1.186E-04  1.498E-04 
 1.889E-09 -2.554E-05  2.305E-05  3.758E-05  1.578E-04  6.012E-05 -1.074E-05 -1.112E-04 -3.095E-05 -9.355E-05  1.183E-04 
 1.902E-09 -2.440E-06 -7.693E-05  6.378E-05  1.450E-04  6.457E-05 -3.590E-05 -1.483E-04 -5.943E-05 -3.103E-05  6.010E-05 
 1.918E-09 -5.744E-06 -1.473E-05  7.521E-05  1.395E-04  1.507E-04  2.502E-05 -1.605E-04 -5.664E-05 -3.510E-05  7.153E-05 
 1.934E-09 -3.038E-05  7.120E-05  5.650E-05  2.103E-04  1.479E-04  3.807E-06 -1.499E-04 -5.510E-05 -3.772E-05  9.121E-05 
 1.946E-09 -1.458E-05 -8.989E-06  2.589E-05  2.124E-04  5.668E-05 -4.193E-05 -1.179E-04 -8.879E-05  2.440E-05  6.148E-05 
 1.962E-09  2.494E-05 -4.681E-05 -1.674E-06  1.037E-04  4.901E-05  1.108E-05 -1.041E-04 -8.554E-05  6.522E-05  9.209E-05 
 1.975E-09  2.879E-05  6.847E-05  7.256E-06  6.489E-05  1.453E-04  7.130E-05 -1.376E-04 -4.923E-05  3.112E-05  1.721E-04 
 1.994E-09  1.379E-05 -3.692E-06  2.189E-05  1.174E-04  1.007E-04  1.497E-05 -9.130E-05 -7.058E-05  4.199E-05  1.052E-04 
 2.009E-09  2.567E-05 -1.074E-04  2.112E-05  1.006E-04  2.544E-05 -5.451E-06 -7.910E-05 -7.377E-05  6.527E-05  5.976E-05 
 2.017E-09  3.473E-05 -5.759E-05  2.268E-05  9.265E-05  4.713E-05  1.521E-05 -1.262E-04 -6.057E-05  2.063E-05  9.919E-05 
 2.026E-09  3.634E-05  1.783E-05  2.517E-05  1.134E-04  8.527E-05  3.088E-05 -1.731E-04 -5.537E-05 -4.538E-05  1.454E-04 
 2.048E-09  3.803E-05 -5.474E-05  2.042E-05  1.655E-04  5.192E-05 -5.295E-06 -1.125E-04 -9.586E-05 -7.039E-05  1.113E-04 
 2.064E-09  7.206E-05 -5.130E-05  2.024E-05  7.556E-05  4.633E-05  8.946E-06 -1.131E-04 -8.458E-05 -2.454E-05  6.255E-05 
 2.084E-09  5.334E-05  1.175E-04  4.099E-05  1.188E-04  1.102E-04  2.852E-05 -1.656E-04 -7.868E-05 -6.225E-05  8.420E-05 
 2.101E-09  3.169E-05 -2.644E-05  4.896E-05  1.730E-04  8.761E-06 -1.385E-05 -3.702E-05 -1.019E-04  1.031E-05  9.263E-05 
 2.120E-09  4.357E-05  1.845E-06  3.599E-05  1.295E-04  4.844E-05  3.369E-06 -1.078E-04 -7.522E-05  1.868E-06  8.970E-05 
 2.138E-09  3.013E-05  5.450E-05  2.905E-05  1.915E-04  1.375E-04  1.642E-05 -1.983E-04 -5.471E-05 -7.718E-05  1.192E-04 
 2.164E-09  4.189E-05 -4.873E-05  3.578E-05  2.184E-04  3.246E-05  1.386E-05 -4.517E-05 -9.134E-05 -1.087E-05  6.989E-05 
 2.187E-09  4.482E-05  6.295E-05  2.971E-05  1.708E-04  9.334E-05  3.325E-05 -2.517E-04 -6.911E-05 -1.308E-04  1.446E-04 
 2.217E-09  4.283E-05 -1.705E-05  4.789E-05  1.780E-04  5.943E-05  1.888E-05 -2.672E-06 -8.497E-05 -2.674E-05  5.393E-05 
 2.230E-09  4.343E-05  5.412E-05  4.507E-05  1.627E-04  9.488E-05  2.426E-05 -3.835E-04 -5.622E-05 -1.265E-04  9.934E-05 
 2.246E-09  3.871E-05 -5.782E-06  5.002E-05  2.086E-04  7.059E-05  7.480E-06 -9.489E-05 -7.836E-05 -5.719E-05  1.126E-04 
 2.274E-09  4.325E-05  5.985E-05  2.298E-05  1.585E-04  7.477E-05  1.900E-05 -7.748E-04 -7.777E-05 -8.255E-05  8.503E-05 
 2.297E-09  2.872E-05  2.410E-05  2.031E-05  2.047E-04  7.972E-05  1.556E-05  5.317E-04 -8.794E-05 -5.395E-05  1.299E-04 
 2.324E-09  3.610E-05  2.436E-05  2.138E-05  1.584E-04  5.704E-05  1.593E-05 -3.467E-04 -6.976E-05 -1.531E-04  5.716E-05 
 2.348E-09  2.234E-05 -3.327E-05  2.964E-05  2.209E-04  8.435E-05  4.725E-06  3.457E-05 -8.672E-05  2.331E-04  1.232E-04 
 2.375E-09  3.843E-05  9.046E-06  3.119E-05  2.179E-04  6.579E-05  1.350E-05 -2.324E-04 -8.102E-05 -3.759E-04  6.782E-05 
 2.405E-09  2.743E-05  4.509E-06  4.494E-05  1.665E-04  6.326E-05  9.682E-06 -1.199E-04 -9.028E-05 -1.059E-04  1.231E-04 
 2.435E-09  2.605E-05  1.992E-05  2.275E-05  1.690E-04  7.119E-05  2.267E-05 -1.102E-05 -8.078E-05  7.760E-05  1.036E-04 
 2.465E-09  2.730E-05 -7.030E-06  5.571E-05  1.664E-04  5.558E-05  1.249E-05 -2.790E-04 -8.675E-05 -1.662E-04  8.054E-05 
 2.495E-09  2.941E-05  4.364E-06  2.814E-05  1.984E-04  9.034E-05  2.144E-05 -6.122E-06 -8.643E-05 -1.347E-05  9.294E-05 
 2.525E-09  1.190E-05 -2.486E-05  3.626E-05  1.539E-04  3.753E-05  1.128E-05 -1.786E-04 -6.651E-05 -5.611E-05  6.746E-05 
 2.555E-09 -7.172E-06 -3.757E-05  6.503E-05  1.012E-04  4.194E-05 -5.191E-07 -1.922E-04 -5.715E-05 -6.657E-05  9.251E-05 
 2.585E-09  3.419E-06  5.724E-06  2.936E-05 -2.996E-05 -2.209E-05  1.684E-06 -6.388E-05 -5.105E-05  6.211E-05  5.910E-05 
 2.615E-09 -1.086E-05  2.147E-05  2.990E-05 -6.971E-05 -4.606E-06  1.939E-05 -2.488E-04 -1.872E-05  1.623E-05  4.802E-05 
 2.645E-09 -8.854E-06 -3.419E-06  4.520E-07 -1.175E-04 -4.102E-05  1.563E-05 -9.472E-05  1.704E-05  8.998E-05  6.712E-05 
 2.675E-09 -9.362E-06 -6.145E-05 -9.726E-06 -1.470E-04 -6.343E-05  2.148E-05 -1.405E-04  3.063E-05  7.641E-05  5.364E-05 
 2.705E-09 -1.531E-06  1.448E-05  5.314E-06 -1.650E-04 -6.522E-05  2.899E-05 -2.242E-04  2.592E-05  5.188E-05  7.104E-05 
 2.735E-09  2.727E-06 -9.414E-06  9.061E-06 -1.787E-04 -8.096E-05  1.823E-05 -7.013E-05  2.423E-05  9.186E-05  3.998E-05 
 2.751E-09  1.060E-05 -1.916E-05  2.425E-05 -1.547E-04 -5.267E-05  6.947E-06 -1.604E-04  1.300E-05  4.694E-05  4.465E-05 
 2.768E-09  1.021E-05 -4.207E-05  3.442E-05 -1.087E-04 -4.017E-05  9.279E-06 -1.361E-04  2.103E-05  1.509E-05  2.381E-05 
 2.798E-09  3.138E-05 -1.135E-05  1.421E-05 -1.550E-05 -1.823E-05  6.331E-06 -1.329E-04 -2.737E-06  9.611E-06  5.290E-05 
 2.822E-09  2.562E-05 -4.168E-05  3.162E-05  2.397E-05 -3.337E-06  7.259E-06 -8.557E-05  6.828E-06 -2.269E-05  3.280E-05 
 2.852E-09  2.754E-05 -2.346E-05  3.608E-05  4.037E-05  1.265E-05 -8.135E-06 -1.048E-04 -7.260E-06 -5.432E-05  4.399E-05 
 2.882E-09  2.720E-05 -3.296E-05  3.930E-05  4.754E-05 -4.730E-07 -1.345E-06 -9.638E-05 -1.997E-05 -4.071E-06  4.934E-05 
 2.912E-09  2.997E-05 -3.845E-05  3.505E-05  3.808E-05  6.289E-06 -4.189E-06 -1.180E-04  4.640E-06 -5.204E-05  3.668E-05 
 2.942E-09  2.373E-05 -1.904E-05  3.723E-05  4.031E-05  9.455E-06 -3.976E-06 -6.000E-05 -1.284E-05 -1.488E-05  4.525E-05 
 2.972E-09  2.867E-05 -4.031E-05  3.981E-05  4.742E-05  7.260E-07 -3.512E-06 -1.446E-04 -1.243E-05 -4.105E-05  3.714E-05 
 3.000E-09  2.856E-05 -2.425E-05  3.223E-05  3.471E-05  9.766E-06 -4.548E-06 -6.516E-05 -9.380E-07 -2.793E-05  4.938E-05 
