#format table ## [Custom WaveView] saved 11:59:39 Fri May 30 2025
TIME v(next_diff1) v(next_diff2) v(next_diff3) v(next_diff4) v(next_diff5) v(fext_diff1) v(fext_diff2) v(fext_diff3) v(fext_diff4) v(fext_diff5) 
 0.000E+00  5.219E-05 -7.012E-06 -1.154E-05 -1.796E-05  1.773E-05 -1.212E-05  1.594E-05  1.635E-05  1.081E-05 -6.066E-05 
 1.000E-12  5.219E-05 -7.012E-06 -1.154E-05 -1.796E-05  1.773E-05 -1.212E-05  1.593E-05  1.636E-05  1.081E-05 -6.066E-05 
 2.000E-12  5.219E-05 -7.012E-06 -1.154E-05 -1.796E-05  1.773E-05 -1.212E-05  1.593E-05  1.636E-05  1.081E-05 -6.066E-05 
 5.200E-12  5.219E-05 -7.012E-06 -1.154E-05 -1.796E-05  1.773E-05 -1.212E-05  1.593E-05  1.636E-05  1.081E-05 -6.066E-05 
 1.544E-11  5.219E-05 -7.012E-06 -1.154E-05 -1.796E-05  1.773E-05 -1.212E-05  1.593E-05  1.636E-05  1.081E-05 -6.066E-05 
 2.500E-11  5.219E-05 -7.012E-06 -1.154E-05 -1.796E-05  1.773E-05 -1.212E-05  1.593E-05  1.636E-05  1.081E-05 -6.066E-05 
 2.523E-11  5.219E-05 -7.012E-06 -1.154E-05 -1.796E-05  1.773E-05 -1.212E-05  1.593E-05  1.636E-05  1.081E-05 -6.066E-05 
 2.559E-11  5.219E-05 -7.012E-06 -1.154E-05 -1.796E-05  1.773E-05 -1.212E-05  1.593E-05  1.636E-05  1.081E-05 -6.066E-05 
 2.672E-11  5.219E-05 -7.012E-06 -1.154E-05 -1.796E-05  1.773E-05 -1.212E-05  1.593E-05  1.636E-05  1.081E-05 -6.066E-05 
 3.035E-11  5.219E-05 -7.012E-06 -1.154E-05 -1.796E-05  1.773E-05 -1.212E-05  1.594E-05  1.636E-05  1.081E-05 -6.066E-05 
 4.195E-11  5.219E-05 -7.012E-06 -1.154E-05 -1.796E-05  1.773E-05 -1.212E-05  1.594E-05  1.636E-05  1.081E-05 -6.066E-05 
 7.195E-11  5.219E-05 -7.012E-06 -1.154E-05 -1.796E-05  1.773E-05 -1.212E-05  1.594E-05  1.636E-05  1.081E-05 -6.066E-05 
 1.019E-10  5.219E-05 -7.012E-06 -1.154E-05 -1.796E-05  1.773E-05 -1.212E-05  1.593E-05  1.636E-05  1.081E-05 -6.066E-05 
 1.319E-10  5.219E-05 -7.012E-06 -1.154E-05 -1.796E-05  1.773E-05 -1.212E-05  1.594E-05  1.636E-05  1.081E-05 -6.066E-05 
 1.619E-10  5.219E-05 -7.012E-06 -1.154E-05 -1.796E-05  1.773E-05 -1.212E-05  1.594E-05  1.636E-05  1.081E-05 -6.066E-05 
 1.919E-10  5.219E-05 -7.012E-06 -1.154E-05 -1.796E-05  1.773E-05 -1.212E-05  1.594E-05  1.636E-05  1.081E-05 -6.066E-05 
 2.219E-10  5.219E-05 -7.012E-06 -1.154E-05 -1.796E-05  1.773E-05 -1.212E-05  1.594E-05  1.636E-05  1.081E-05 -6.066E-05 
 2.519E-10  5.219E-05 -7.012E-06 -1.154E-05 -1.796E-05  1.773E-05 -1.212E-05  1.594E-05  1.636E-05  1.081E-05 -6.066E-05 
 2.819E-10  5.219E-05 -7.012E-06 -1.154E-05 -1.796E-05  1.773E-05 -1.212E-05  1.594E-05  1.636E-05  1.081E-05 -6.066E-05 
 3.119E-10  5.219E-05 -7.012E-06 -1.154E-05 -1.796E-05  1.773E-05 -1.212E-05  1.593E-05  1.636E-05  1.081E-05 -6.066E-05 
 3.419E-10  5.219E-05 -7.012E-06 -1.154E-05 -1.796E-05  1.773E-05 -1.212E-05  1.594E-05  1.636E-05  1.081E-05 -6.066E-05 
 3.719E-10  5.219E-05 -7.012E-06 -1.154E-05 -1.796E-05  1.773E-05 -1.212E-05  1.594E-05  1.636E-05  1.081E-05 -6.067E-05 
 4.019E-10  5.219E-05 -7.012E-06 -1.154E-05 -1.796E-05  1.773E-05 -1.211E-05  1.593E-05  1.636E-05  1.081E-05 -6.067E-05 
 4.319E-10  5.219E-05 -7.012E-06 -1.154E-05 -1.796E-05  1.773E-05 -1.211E-05  1.593E-05  1.636E-05  1.081E-05 -6.066E-05 
 4.619E-10  5.219E-05 -7.012E-06 -1.154E-05 -1.796E-05  1.773E-05 -1.211E-05  1.593E-05  1.636E-05  1.081E-05 -6.066E-05 
 4.919E-10  5.219E-05 -7.012E-06 -1.154E-05 -1.796E-05  1.773E-05 -1.212E-05  1.593E-05  1.636E-05  1.081E-05 -6.066E-05 
 4.994E-10  5.219E-05 -7.012E-06 -1.154E-05 -1.796E-05  1.773E-05 -1.212E-05  1.593E-05  1.636E-05  1.081E-05 -6.066E-05 
 5.009E-10  5.299E-05 -5.369E-06  5.633E-08 -2.791E-05  7.096E-05 -1.307E-05  1.612E-05  1.674E-05  1.007E-05 -5.744E-05 
 5.043E-10  5.580E-05  4.249E-07  4.094E-05 -6.297E-05  2.586E-04 -1.641E-05  1.678E-05  1.808E-05  7.453E-06 -4.606E-05 
 5.056E-10  5.698E-05  2.862E-06  5.970E-05 -7.812E-05  3.368E-04 -1.782E-05  1.708E-05  1.864E-05  6.365E-06 -4.147E-05 
 5.074E-10  5.881E-05  6.624E-06  9.617E-05 -1.034E-04  4.539E-04 -1.998E-05  1.765E-05  1.950E-05  4.751E-06 -3.530E-05 
 5.103E-10  6.201E-05  1.317E-05  1.638E-04 -1.485E-04  6.553E-04 -2.373E-05  1.871E-05  2.098E-05  1.979E-06 -2.510E-05 
 5.132E-10  6.472E-05  1.809E-05  2.463E-04 -1.974E-04  8.443E-04 -2.746E-05  1.974E-05  2.182E-05 -5.269E-07 -1.756E-05 
 5.173E-10  6.764E-05  2.233E-05  3.800E-04 -2.688E-04  1.081E-03 -3.243E-05  2.112E-05  2.194E-05 -3.483E-06 -1.144E-05 
 5.204E-10  6.797E-05  2.092E-05  4.953E-04 -3.122E-04  1.182E-03 -3.502E-05  2.196E-05  2.001E-05 -4.131E-06 -1.586E-05 
 5.218E-10  6.797E-05  1.988E-05  5.500E-04 -3.315E-04  1.223E-03 -3.612E-05  2.234E-05  1.895E-05 -4.303E-06 -1.863E-05 
 5.229E-10  6.796E-05  1.906E-05  5.938E-04 -3.469E-04  1.255E-03 -3.701E-05  2.264E-05  1.809E-05 -4.439E-06 -2.084E-05 
 5.238E-10  6.763E-05  1.727E-05  6.280E-04 -3.542E-04  1.266E-03 -3.745E-05  2.288E-05  1.692E-05 -4.131E-06 -2.459E-05 
 5.245E-10  6.734E-05  1.576E-05  6.553E-04 -3.596E-04  1.273E-03 -3.779E-05  2.308E-05  1.595E-05 -3.852E-06 -2.772E-05 
 5.251E-10  6.693E-05  1.405E-05  6.759E-04 -3.615E-04  1.269E-03 -3.789E-05  2.322E-05  1.498E-05 -3.433E-06 -3.115E-05 
 5.254E-10  6.654E-05  1.284E-05  6.828E-04 -3.600E-04  1.254E-03 -3.771E-05  2.324E-05  1.443E-05 -3.052E-06 -3.357E-05 
 5.259E-10  6.584E-05  1.065E-05  6.953E-04 -3.572E-04  1.226E-03 -3.737E-05  2.327E-05  1.343E-05 -2.366E-06 -3.791E-05 
 5.263E-10  6.521E-05  8.661E-06  7.066E-04 -3.547E-04  1.202E-03 -3.707E-05  2.330E-05  1.253E-05 -1.740E-06 -4.188E-05 
 5.277E-10  6.316E-05  2.288E-06  7.430E-04 -3.466E-04  1.123E-03 -3.610E-05  2.341E-05  9.629E-06  2.616E-07 -5.454E-05 
 5.323E-10  5.654E-05 -2.368E-05  8.141E-04 -2.817E-04  8.322E-04 -3.237E-05  2.384E-05 -1.434E-06  8.364E-06 -9.940E-05 
 5.374E-10  5.073E-05 -5.630E-05  8.037E-04 -1.560E-04  5.046E-04 -2.840E-05  2.428E-05 -1.477E-05  1.867E-05 -1.476E-04 
 5.435E-10  5.281E-05 -8.209E-05  6.649E-04  2.388E-05  3.394E-04 -2.890E-05  2.561E-05 -2.657E-05  2.829E-05 -1.789E-04 
 5.482E-10  6.264E-05 -8.529E-05  4.916E-04  1.345E-04  4.394E-04 -3.542E-05  2.698E-05 -3.051E-05  3.139E-05 -1.761E-04 
 5.502E-10  6.956E-05 -7.961E-05  4.093E-04  1.550E-04  5.606E-04 -4.062E-05  2.748E-05 -2.994E-05  3.074E-05 -1.644E-04 
 5.554E-10  8.886E-05 -5.994E-05  2.211E-04  1.546E-04  8.682E-04 -5.622E-05  2.850E-05 -2.676E-05  2.745E-05 -1.290E-04 
 5.620E-10  1.134E-04 -1.628E-05  1.471E-04  1.891E-05  1.119E-03 -7.575E-05  2.898E-05 -1.871E-05  2.125E-05 -8.214E-05 
 5.683E-10  1.298E-04  3.146E-05  3.153E-04 -1.726E-04  9.811E-04 -8.480E-05  2.943E-05 -1.328E-05  1.949E-05 -6.628E-05 
 5.704E-10  1.336E-04  4.625E-05  4.112E-04 -2.405E-04  8.588E-04 -8.568E-05  2.976E-05 -1.274E-05  2.014E-05 -6.811E-05 
 5.774E-10  1.394E-04  7.714E-05  7.665E-04 -3.830E-04  2.868E-04 -7.996E-05  3.290E-05 -2.045E-05  2.801E-05 -1.040E-04 
 5.836E-10  1.400E-04  8.679E-05  9.510E-04 -3.629E-04 -8.895E-05 -7.055E-05  3.753E-05 -3.644E-05  3.788E-05 -1.466E-04 
 5.905E-10  1.390E-04  6.831E-05  7.294E-04 -2.113E-04 -3.685E-05 -6.968E-05  4.239E-05 -5.976E-05  4.419E-05 -1.719E-04 
 5.952E-10  1.373E-04  4.629E-05  3.023E-04 -6.895E-05  2.242E-04 -7.567E-05  4.434E-05 -7.389E-05  4.422E-05 -1.710E-04 
 6.030E-10  1.312E-04  1.828E-05 -6.272E-04  1.340E-04  7.506E-04 -9.385E-05  4.330E-05 -8.228E-05  3.628E-05 -1.406E-04 
 6.050E-10  1.292E-04  1.512E-05 -8.254E-04  1.694E-04  8.476E-04 -9.869E-05  4.248E-05 -8.154E-05  3.354E-05 -1.314E-04 
 6.072E-10  1.261E-04  1.587E-05 -9.202E-04  1.973E-04  8.954E-04 -1.032E-04  4.183E-05 -7.964E-05  3.084E-05 -1.233E-04 
 6.140E-10  1.148E-04  4.217E-05 -6.799E-04  1.845E-04  7.033E-04 -1.107E-04  4.048E-05 -6.649E-05  2.489E-05 -1.123E-04 
 6.221E-10  1.012E-04  1.028E-04  3.925E-04  3.036E-05  9.659E-05 -1.048E-04  4.419E-05 -5.453E-05  2.719E-05 -1.364E-04 
 6.284E-10  9.684E-05  1.468E-04  9.684E-04 -1.494E-04 -2.076E-04 -9.387E-05  4.989E-05 -5.917E-05  3.506E-05 -1.701E-04 
 6.361E-10  1.084E-04  1.633E-04  9.223E-04 -3.815E-04  2.696E-05 -8.443E-05  5.458E-05 -8.237E-05  4.466E-05 -2.001E-04 
 6.460E-10  1.540E-04  1.053E-04  3.926E-04 -5.905E-04  1.021E-03 -9.072E-05  5.103E-05 -1.155E-04  4.418E-05 -1.895E-04 
 6.535E-10  1.992E-04  3.039E-05  5.293E-04 -6.043E-04  1.436E-03 -1.031E-04  4.562E-05 -1.212E-04  3.390E-05 -1.633E-04 
 6.615E-10  2.298E-04 -2.563E-05  8.710E-04 -4.292E-04  1.116E-03 -1.088E-04  4.366E-05 -1.052E-04  2.299E-05 -1.519E-04 
 6.709E-10  2.234E-04 -2.012E-05  8.534E-04 -1.274E-04  4.829E-04 -9.804E-05  4.555E-05 -8.460E-05  2.167E-05 -1.770E-04 
 6.797E-10  1.832E-04  6.052E-05  9.665E-04 -9.585E-05  8.980E-04 -8.088E-05  4.505E-05 -9.224E-05  3.259E-05 -2.136E-04 
 6.829E-10  1.677E-04  1.003E-04  1.157E-03 -2.039E-04  1.324E-03 -7.653E-05  4.396E-05 -1.010E-04  3.708E-05 -2.229E-04 
 6.876E-10  1.524E-04  1.581E-04  1.608E-03 -5.210E-04  2.196E-03 -7.542E-05  4.155E-05 -1.173E-04  4.154E-05 -2.249E-04 
 6.965E-10  1.514E-04  2.563E-04  2.673E-03 -1.439E-03  3.680E-03 -8.612E-05  3.709E-05 -1.362E-04  3.946E-05 -2.029E-04 
 7.109E-10  1.703E-04  3.431E-04  3.723E-03 -2.181E-03  3.344E-03 -9.825E-05  2.816E-05 -1.002E-04  1.853E-05 -1.688E-04 
 7.226E-10  9.535E-05  3.755E-04  3.668E-03 -1.784E-03  2.151E-03 -6.828E-05  2.087E-05 -7.733E-05  1.871E-05 -1.937E-04 
 7.313E-10 -2.817E-06  3.925E-04  3.738E-03 -1.578E-03  2.457E-03 -4.157E-05  2.632E-05 -1.082E-04  3.283E-05 -2.139E-04 
 7.417E-10 -7.684E-05  3.924E-04  4.047E-03 -1.443E-03  3.566E-03 -3.784E-05  3.958E-05 -1.583E-04  4.475E-05 -2.123E-04 
 7.549E-10 -1.395E-05  3.103E-04  3.622E-03 -9.378E-04  3.109E-03 -7.114E-05  3.231E-05 -1.320E-04  2.699E-05 -1.810E-04 
 7.646E-10  1.031E-04  1.680E-04  2.089E-03 -5.997E-04  1.488E-03 -7.973E-05  1.642E-05 -7.332E-05  8.209E-06 -1.618E-04 
 7.779E-10  2.904E-04 -1.149E-04 -2.864E-04 -3.974E-04  6.209E-04 -5.007E-05  2.519E-05 -8.217E-05  1.865E-05 -1.603E-04 
 7.927E-10  5.125E-04 -3.713E-04 -1.355E-04 -2.241E-04  2.092E-03 -4.768E-05  4.301E-05 -1.485E-04  4.982E-05 -1.870E-04 
 8.084E-10  6.168E-04 -3.726E-04  1.761E-03  6.116E-04  2.412E-03 -1.044E-04  1.601E-05 -3.123E-05  1.691E-05 -1.658E-04 
 8.236E-10  4.785E-04 -2.482E-04  1.542E-03  8.833E-04  1.631E-03 -7.895E-05  4.737E-06  5.060E-06 -1.566E-06 -1.409E-04 
 8.386E-10  3.260E-04 -2.869E-04  7.917E-04  3.110E-05  1.439E-03  2.799E-05  7.709E-05 -2.695E-05  5.888E-05 -2.539E-04 
 8.538E-10  3.126E-04 -3.848E-04  1.680E-03 -1.551E-04  1.460E-03  9.280E-05  2.357E-04  5.384E-04 -1.119E-05 -2.803E-04 
 8.676E-10  3.403E-04 -2.454E-04  1.961E-03  3.513E-04  1.387E-03  1.482E-04  3.103E-04  1.074E-03 -2.873E-04 -1.665E-04 
 8.852E-10  2.326E-04  1.390E-04  6.286E-04  2.803E-04  4.011E-04  3.452E-04  2.135E-04  1.588E-04 -6.482E-04 -5.838E-04 
 8.887E-10  1.824E-04  1.951E-04  5.238E-04  2.016E-04  1.767E-04  3.853E-04  1.713E-04 -1.461E-04 -7.131E-04 -7.008E-04 
 8.916E-10  1.385E-04  2.231E-04  5.126E-04  1.480E-04  1.595E-05  4.101E-04  1.347E-04 -3.620E-04 -7.607E-04 -7.895E-04 
 8.939E-10  9.948E-05  2.433E-04  5.386E-04  1.078E-04 -1.019E-04  4.268E-04  1.007E-04 -5.092E-04 -8.112E-04 -8.283E-04 
 8.989E-10  1.857E-05  2.545E-04  7.899E-04  6.443E-05 -2.317E-04  4.387E-04  2.585E-05 -6.531E-04 -9.313E-04 -7.783E-04 
 9.066E-10 -7.140E-05  2.301E-04  1.383E-03  7.430E-05 -2.240E-04  4.010E-04 -7.323E-05 -3.325E-04 -1.192E-03 -1.849E-04 
 9.128E-10 -8.426E-05  1.990E-04  1.767E-03  1.205E-04 -1.830E-04  3.397E-04 -1.078E-04  3.485E-04 -1.437E-03  7.104E-04 
 9.136E-10 -8.057E-05  1.957E-04  1.796E-03  1.261E-04 -1.843E-04  3.312E-04 -1.076E-04  4.559E-04 -1.468E-03  8.462E-04 
 9.149E-10 -7.431E-05  1.902E-04  1.844E-03  1.358E-04 -1.872E-04  3.166E-04 -1.073E-04  6.406E-04 -1.521E-03  1.079E-03 
 9.160E-10 -6.772E-05  1.865E-04  1.875E-03  1.419E-04 -1.975E-04  3.059E-04 -1.063E-04  7.914E-04 -1.562E-03  1.269E-03 
 9.182E-10 -4.512E-05  1.813E-04  1.903E-03  1.471E-04 -2.568E-04  2.860E-04 -9.894E-05  1.133E-03 -1.643E-03  1.700E-03 
 9.200E-10 -2.118E-05  1.801E-04  1.885E-03  1.463E-04 -3.215E-04  2.731E-04 -8.696E-05  1.389E-03 -1.696E-03  2.024E-03 
 9.223E-10  1.341E-05  1.798E-04  1.852E-03  1.411E-04 -4.227E-04  2.591E-04 -7.238E-05  1.734E-03 -1.760E-03  2.449E-03 
 9.253E-10  6.807E-05  1.858E-04  1.747E-03  1.150E-04 -6.125E-04  2.557E-04 -5.440E-05  2.123E-03 -1.803E-03  2.915E-03 
 9.308E-10  1.742E-04  2.053E-04  1.505E-03  3.955E-05 -1.012E-03  2.809E-04 -4.561E-05  2.672E-03 -1.784E-03  3.489E-03 
 9.356E-10  2.608E-04  2.261E-04  1.311E-03 -5.652E-05 -1.357E-03  3.384E-04 -8.722E-05  2.929E-03 -1.645E-03  3.589E-03 
 9.374E-10  2.851E-04  2.323E-04  1.267E-03 -9.781E-05 -1.452E-03  3.682E-04 -1.220E-04  2.940E-03 -1.558E-03  3.478E-03 
 9.415E-10  3.321E-04  2.420E-04  1.225E-03 -2.026E-04 -1.612E-03  4.433E-04 -2.311E-04  2.914E-03 -1.314E-03  3.070E-03 
 9.453E-10  3.490E-04  2.411E-04  1.286E-03 -2.905E-04 -1.624E-03  5.130E-04 -3.660E-04  2.764E-03 -1.049E-03  2.459E-03 
 9.487E-10  3.443E-04  2.292E-04  1.430E-03 -3.471E-04 -1.514E-03  5.703E-04 -5.144E-04  2.572E-03 -7.719E-04  1.746E-03 
 9.542E-10  3.050E-04  1.950E-04  1.730E-03 -3.436E-04 -1.206E-03  6.289E-04 -7.418E-04  2.246E-03 -3.541E-04  6.120E-04 
 9.615E-10  2.108E-04  1.298E-04  2.102E-03 -1.506E-04 -6.906E-04  6.149E-04 -9.486E-04  1.909E-03  7.083E-05 -4.571E-04 
 9.638E-10  1.778E-04  1.093E-04  2.174E-03 -8.109E-05 -5.406E-04  5.886E-04 -9.816E-04  1.834E-03  1.658E-04 -6.231E-04 
 9.698E-10  1.011E-04  6.943E-05  2.153E-03  5.875E-05 -2.652E-04  4.633E-04 -9.496E-04  1.748E-03  2.704E-04 -3.739E-04 
 9.720E-10  8.091E-05  6.390E-05  2.061E-03  5.328E-05 -2.148E-04  4.015E-04 -8.989E-04  1.740E-03  2.625E-04 -4.005E-05 
 9.773E-10  4.671E-05  6.606E-05  1.737E-03  1.215E-05 -1.602E-04  2.426E-04 -7.391E-04  1.715E-03  2.023E-04  1.033E-03 
 9.843E-10  4.406E-05  1.098E-04  1.139E-03 -2.814E-05 -1.533E-04  4.128E-05 -4.774E-04  1.606E-03  7.555E-05  2.777E-03 
 9.920E-10  7.741E-05  1.841E-04  4.851E-04  2.739E-04  1.383E-04 -1.243E-04 -2.128E-04  1.298E-03  2.065E-05  4.304E-03 
 9.948E-10  9.265E-05  2.066E-04  2.931E-04  4.596E-04  3.588E-04 -1.608E-04 -1.377E-04  1.143E-03  4.802E-05  4.555E-03 
 9.994E-10  1.165E-04  2.328E-04  4.398E-05  8.027E-04  7.171E-04 -1.935E-04 -4.821E-05  8.776E-04  1.398E-04  4.594E-03 
 1.002E-09  1.240E-04  2.342E-04 -3.051E-05  9.097E-04  8.404E-04 -1.934E-04 -2.670E-05  7.703E-04  2.033E-04  4.381E-03 
 1.005E-09  1.350E-04  2.306E-04 -1.537E-04  1.052E-03  9.560E-04 -1.878E-04 -1.380E-06  5.995E-04  3.189E-04  3.949E-03 
 1.009E-09  1.398E-04  2.022E-04 -2.700E-04  9.766E-04  8.161E-04 -1.588E-04 -8.227E-06  4.685E-04  4.707E-04  3.126E-03 
 1.013E-09  1.401E-04  1.641E-04 -3.800E-04  8.035E-04  5.635E-04 -1.233E-04 -3.993E-05  4.218E-04  5.824E-04  2.397E-03 
 1.017E-09  1.357E-04  9.952E-05 -5.284E-04  4.272E-04  1.954E-04 -6.516E-05 -1.093E-04  4.410E-04  7.046E-04  1.455E-03 
 1.023E-09  1.261E-04  7.663E-06 -7.338E-04 -6.904E-05 -2.333E-05  2.359E-05 -2.339E-04  6.059E-04  7.706E-04  6.281E-04 
 1.025E-09  1.231E-04 -1.734E-05 -7.904E-04 -1.669E-04  9.546E-05  5.259E-05 -2.737E-04  6.779E-04  7.654E-04  5.258E-04 
 1.026E-09  1.206E-04 -3.651E-05 -8.351E-04 -2.378E-04  1.951E-04  7.523E-05 -3.050E-04  7.344E-04  7.588E-04  4.652E-04 
 1.029E-09  1.127E-04 -7.154E-05 -9.043E-04 -3.509E-04  4.195E-04  1.227E-04 -3.605E-04  8.495E-04  7.383E-04  4.079E-04 
 1.031E-09  1.041E-04 -9.526E-05 -9.382E-04 -3.669E-04  8.634E-04  1.684E-04 -4.015E-04  9.581E-04  6.941E-04  5.480E-04 
 1.033E-09  9.533E-05 -1.116E-04 -9.492E-04 -3.617E-04  1.194E-03  2.041E-04 -4.280E-04  1.038E-03  6.566E-04  6.917E-04 
 1.035E-09  8.186E-05 -1.227E-04 -9.246E-04 -3.224E-04  1.433E-03  2.395E-04 -4.392E-04  1.109E-03  6.156E-04  8.823E-04 
 1.037E-09  7.101E-05 -1.258E-04 -8.865E-04 -2.656E-04  1.645E-03  2.639E-04 -4.383E-04  1.149E-03  5.815E-04  1.074E-03 
 1.041E-09  2.626E-05 -1.283E-04 -7.043E-04 -7.262E-05  1.991E-03  3.316E-04 -4.068E-04  1.240E-03  4.872E-04  1.601E-03 
 1.045E-09 -2.711E-05 -1.142E-04 -4.454E-04  1.454E-04  1.861E-03  3.778E-04 -3.319E-04  1.258E-03  4.183E-04  1.993E-03 
 1.050E-09 -1.197E-04 -8.330E-05 -1.286E-05  4.164E-04  1.098E-03  4.156E-04 -1.870E-04  1.221E-03  3.594E-04  2.138E-03 
 1.053E-09 -1.686E-04 -6.629E-05  1.976E-04  5.189E-04  6.781E-04  4.240E-04 -1.124E-04  1.191E-03  3.383E-04  2.026E-03 
 1.057E-09 -2.628E-04 -3.482E-05  5.733E-04  6.357E-04 -2.655E-04  4.181E-04  2.980E-05  1.106E-03  3.209E-04  1.501E-03 
 1.067E-09 -3.668E-04  6.104E-06  8.711E-04  4.473E-04 -9.015E-04  3.409E-04  1.760E-04  9.563E-04  2.854E-04 -1.137E-04 
 1.074E-09 -3.136E-04  3.551E-05  6.431E-04  7.899E-05 -3.547E-04  2.650E-04  1.480E-04  8.825E-04  2.310E-04 -7.689E-04 
 1.081E-09 -1.229E-04  6.479E-05  1.232E-04 -3.294E-04  6.117E-04  2.004E-04  5.676E-05  7.924E-04  1.531E-04 -5.429E-04 
 1.088E-09  9.012E-05  4.488E-05 -2.808E-04 -5.248E-04  1.212E-03  1.712E-04  1.122E-05  6.711E-04  1.214E-04  1.817E-04 
 1.096E-09  2.768E-04 -3.696E-05 -3.978E-04 -4.424E-04  1.127E-03  1.468E-04  7.238E-05  4.536E-04  2.041E-04  9.187E-04 
 1.104E-09  2.922E-04 -4.476E-05 -1.092E-04 -1.302E-04  2.852E-04  9.392E-05  2.164E-04  2.068E-04  3.846E-04  1.081E-03 
 1.110E-09  1.695E-04  9.604E-05  2.735E-04  1.620E-04 -5.698E-04  1.360E-05  3.236E-04  1.354E-05  5.336E-04  8.288E-04 
 1.119E-09 -3.906E-05  3.342E-04  5.197E-04  3.448E-04 -1.049E-03 -9.489E-05  3.140E-04 -1.652E-04  5.629E-04  3.537E-04 
 1.126E-09 -1.678E-04  3.928E-04  3.888E-04  3.337E-04 -8.168E-04 -1.616E-04  1.623E-04 -3.012E-04  3.670E-04  8.065E-05 
 1.134E-09 -1.935E-04  2.312E-04  7.655E-06  2.501E-04 -1.038E-04 -1.779E-04 -6.725E-05 -4.491E-04  3.830E-05  1.009E-04 
 1.136E-09 -1.836E-04  1.740E-04 -8.511E-05  2.350E-04  8.891E-05 -1.736E-04 -1.178E-04 -4.872E-04 -1.336E-05  1.334E-04 
 1.139E-09 -1.575E-04  6.710E-05 -2.505E-04  2.128E-04  4.350E-04 -1.634E-04 -2.001E-04 -5.507E-04 -8.918E-05  2.207E-04 
 1.145E-09 -8.897E-05 -8.233E-05 -4.341E-04  2.120E-04  9.859E-04 -1.414E-04 -2.789E-04 -6.480E-04 -2.383E-05  3.028E-04 
 1.151E-09 -2.070E-05 -1.315E-04 -4.253E-04  2.422E-04  1.297E-03 -1.375E-04 -2.448E-04 -6.770E-04  1.745E-04  2.087E-04 
 1.158E-09  6.709E-05 -9.425E-05 -2.172E-04  2.783E-04  1.420E-03 -1.800E-04 -8.127E-05 -5.960E-04  3.206E-04 -1.685E-04 
 1.167E-09  1.615E-04  2.405E-05  1.158E-04  2.562E-04  1.174E-03 -3.002E-04  1.515E-04 -3.271E-04  8.643E-05 -7.286E-04 
 1.178E-09  2.008E-04  7.589E-05  2.576E-04  1.575E-04  6.577E-04 -3.873E-04  1.701E-04 -2.881E-05 -1.530E-04 -7.640E-04 
 1.187E-09  1.223E-04  7.971E-06  2.556E-04  9.108E-05  1.947E-04 -3.120E-04 -4.285E-05  8.777E-05 -1.767E-05 -2.506E-04 
 1.197E-09 -1.894E-05 -7.369E-05  3.669E-04  9.844E-05 -4.299E-05 -1.027E-04 -1.966E-04  6.745E-05  6.223E-05  1.966E-04 
 1.206E-09 -4.403E-05 -7.231E-05  5.825E-04  1.046E-04  2.746E-05  4.853E-05 -9.192E-05  1.038E-04 -1.012E-04  1.039E-04 
 1.208E-09 -2.516E-05 -5.974E-05  6.300E-04  9.935E-05  7.664E-05  6.309E-05 -4.037E-05  1.273E-04 -1.469E-04  2.212E-05 
 1.213E-09  5.706E-05 -2.091E-05  6.992E-04  6.927E-05  2.323E-04  5.436E-05  6.573E-05  2.031E-04 -2.373E-04 -2.396E-04 
 1.226E-09  3.096E-04  5.320E-05  4.973E-04 -7.459E-05  6.174E-04 -1.889E-04  2.051E-04  3.110E-04 -2.941E-04 -7.143E-04 
 1.238E-09  2.434E-04  1.431E-05  1.446E-04 -1.282E-04  7.067E-04 -4.406E-04  2.703E-04 -4.199E-05 -1.248E-04 -4.970E-04 
 1.249E-09  7.126E-05  1.612E-05  2.420E-04 -3.833E-06  6.330E-04 -4.976E-04  2.534E-04 -4.876E-04  6.247E-05 -2.205E-04 
 1.260E-09  1.667E-04  1.670E-04  6.407E-04  1.613E-04  6.057E-04 -4.493E-04  9.719E-05 -5.647E-04  1.590E-04 -1.368E-04 
 1.272E-09  4.862E-04  3.846E-04  8.474E-04  1.546E-04  7.744E-04 -3.733E-04 -2.058E-05 -1.792E-04  9.695E-05 -5.849E-05 
 1.284E-09  4.410E-04  3.662E-04  6.017E-04 -2.701E-05  1.062E-03 -2.810E-04 -3.823E-05 -2.880E-05 -5.058E-05 -4.028E-06 
 1.289E-09  2.678E-04  2.557E-04  4.708E-04 -8.250E-05  1.152E-03 -2.314E-04 -4.644E-05 -1.905E-04 -1.015E-04 -9.698E-05 
 1.296E-09  3.870E-05  7.746E-05  3.721E-04 -7.575E-05  1.169E-03 -1.803E-04 -6.140E-05 -5.361E-04 -1.258E-04 -3.413E-04 
 1.313E-09  7.960E-05 -9.391E-05  3.605E-04  1.514E-04  8.088E-04 -2.100E-04 -6.443E-05 -9.899E-04 -3.497E-05 -7.885E-04 
 1.329E-09  2.806E-04  1.715E-04 -3.636E-05  1.459E-04  4.225E-04 -2.696E-04 -4.448E-05 -3.199E-04  5.562E-05 -2.477E-04 
 1.342E-09 -1.288E-04  1.785E-04 -2.843E-04  4.973E-05 -3.972E-05 -1.052E-04 -9.632E-05  8.377E-05  7.389E-05 -5.924E-05 
 1.357E-09 -3.249E-04  5.923E-05  9.392E-05  1.050E-04 -7.645E-04  1.295E-04 -1.202E-04  8.971E-06  4.148E-05 -4.277E-04 
 1.371E-09  1.128E-04  2.493E-04  2.824E-04  3.506E-05 -5.094E-04  1.101E-04 -4.718E-06  2.407E-04 -1.172E-04 -1.342E-04 
 1.385E-09  2.090E-04  1.188E-04 -1.290E-04 -2.177E-04  5.858E-04 -1.950E-05  1.433E-04  6.288E-04 -2.373E-04  4.867E-04 
 1.388E-09  1.371E-04  6.223E-05 -2.179E-04 -2.562E-04  7.662E-04 -3.788E-05  1.657E-04  6.411E-04 -1.873E-04  5.376E-04 
 1.392E-09  3.230E-05  7.502E-06 -3.092E-04 -2.829E-04  9.306E-04 -4.095E-05  1.828E-04  6.128E-04 -1.056E-04  5.484E-04 
 1.395E-09 -4.064E-05 -3.143E-06 -3.199E-04 -2.744E-04  9.408E-04 -2.253E-05  1.853E-04  5.455E-04 -2.207E-05  5.038E-04 
 1.401E-09 -1.658E-04  1.100E-05 -2.358E-04 -2.004E-04  7.915E-04  6.417E-05  1.750E-04  3.322E-04  1.409E-04  3.504E-04 
 1.412E-09 -1.227E-04  1.113E-04  1.788E-04  3.861E-05  2.054E-04  1.809E-04  1.232E-04 -1.758E-05  1.627E-04  1.786E-04 
 1.425E-09  6.835E-05  1.947E-04  5.080E-04  2.124E-04 -7.450E-05  2.883E-05  8.347E-05 -1.143E-04  2.096E-05  3.276E-04 
 1.427E-09  8.410E-05  2.001E-04  5.288E-04  2.183E-04 -5.470E-05 -1.839E-05  8.299E-05 -1.095E-04  8.172E-06  3.623E-04 
 1.436E-09  3.677E-06  1.734E-04  4.374E-04  1.379E-04  2.099E-04 -7.930E-05  1.038E-04 -9.986E-05  5.994E-05  3.841E-04 
 1.443E-09 -1.341E-04  1.363E-04  3.313E-04  3.383E-05  4.301E-04 -2.650E-05  1.258E-04 -1.671E-04  9.472E-05  2.540E-04 
 1.449E-09 -2.357E-04  1.113E-04  2.785E-04 -4.588E-05  5.490E-04  3.618E-05  1.327E-04 -2.825E-04  8.980E-05  5.314E-05 
 1.458E-09 -2.005E-04  1.147E-04  3.232E-04 -5.902E-05  5.195E-04  2.072E-05  1.037E-04 -3.740E-04  5.720E-05 -1.217E-04 
 1.460E-09 -1.528E-04  1.233E-04  3.515E-04 -4.384E-05  4.858E-04 -4.920E-06  8.785E-05 -3.757E-04  4.760E-05 -1.368E-04 
 1.462E-09 -1.111E-04  1.313E-04  3.708E-04 -3.043E-05  4.594E-04 -2.642E-05  7.295E-05 -3.649E-04  4.280E-05 -1.326E-04 
 1.468E-09  5.089E-05  1.606E-04  4.180E-04  2.967E-05  3.683E-04 -9.753E-05  1.900E-05 -2.654E-04  3.733E-05 -4.620E-05 
 1.474E-09  1.817E-04  1.814E-04  4.033E-04  8.122E-05  3.146E-04 -1.389E-04 -3.419E-05 -1.201E-04  5.517E-05  9.224E-05 
 1.479E-09  2.326E-04  1.835E-04  3.133E-04  1.057E-04  3.115E-04 -1.310E-04 -7.767E-05  7.571E-06  9.730E-05  2.166E-04 
 1.488E-09  1.280E-04  1.454E-04  7.778E-05  8.908E-05  3.786E-04 -2.197E-05 -1.035E-04  1.931E-05  1.793E-04  2.442E-04 
 1.498E-09 -9.988E-05  6.908E-05 -1.804E-04  5.867E-05  4.291E-04  1.525E-04 -6.403E-05 -2.727E-04  2.445E-04 -9.553E-06 
 1.507E-09 -1.496E-04  3.113E-05 -2.337E-04  9.651E-05  3.285E-04  2.070E-04  3.656E-06 -5.992E-04  2.326E-04 -3.331E-04 
 1.516E-09 -5.414E-06  4.834E-05 -1.509E-04  1.795E-04  1.156E-04  1.527E-04  3.971E-05 -6.701E-04  1.733E-04 -5.233E-04 
 1.519E-09  6.693E-05  6.352E-05 -1.073E-04  2.084E-04  4.414E-05  1.194E-04  3.977E-05 -6.167E-04  1.506E-04 -5.382E-04 
 1.529E-09  1.717E-04  1.118E-04 -1.053E-05  2.390E-04 -3.097E-05  4.715E-05 -7.069E-06 -2.854E-04  1.091E-04 -3.997E-04 
 1.533E-09  1.535E-04  1.208E-04  8.588E-07  2.297E-04  2.869E-06  4.136E-05 -2.788E-05 -1.818E-04  1.090E-04 -3.295E-04 
 1.536E-09  8.973E-05  1.219E-04 -2.661E-06  2.064E-04  9.565E-05  4.952E-05 -4.863E-05 -1.061E-04  1.178E-04 -2.372E-04 
 1.547E-09 -1.453E-04  9.557E-05 -1.890E-05  1.385E-04  4.377E-04  8.371E-05 -3.415E-05 -1.689E-04  1.598E-04 -3.941E-05 
 1.557E-09 -1.843E-04  6.015E-05  2.939E-05  1.361E-04  5.691E-04  4.167E-05  8.389E-06 -5.048E-04  1.642E-04 -2.456E-05 
 1.561E-09 -1.306E-04  5.575E-05  5.950E-05  1.526E-04  5.281E-04  5.048E-06  8.373E-07 -6.061E-04  1.500E-04 -5.254E-05 
 1.571E-09  1.152E-04  7.067E-05  1.560E-04  2.091E-04  2.054E-04 -1.297E-04 -1.137E-04 -6.841E-04  5.489E-05 -2.271E-04 
 1.584E-09  1.092E-04  1.041E-04  1.533E-04  1.753E-04  1.132E-05 -1.266E-04 -1.095E-04 -4.227E-04 -8.092E-05 -4.412E-04 
 1.589E-09  9.029E-06  1.053E-04  1.303E-04  1.274E-04  6.786E-05 -7.064E-05 -5.930E-05 -3.656E-04 -1.130E-04 -4.885E-04 
 1.601E-09 -2.371E-04  8.478E-05  1.028E-04 -4.758E-05  3.303E-04  1.019E-04  2.345E-05 -4.504E-04 -1.742E-04 -5.847E-04 
 1.612E-09 -1.177E-04  6.332E-05  2.044E-04 -1.581E-04  4.009E-04  1.243E-04 -3.512E-05 -6.652E-04 -2.178E-04 -5.919E-04 
 1.622E-09  1.586E-04  7.200E-05  3.149E-04 -1.330E-04  3.285E-04  1.233E-05 -9.851E-05 -6.217E-04 -2.507E-04 -4.911E-04 
 1.633E-09  2.603E-04  9.347E-05  3.175E-04 -1.721E-05  3.427E-04 -1.095E-04 -1.431E-04 -3.253E-04 -2.568E-04 -2.995E-04 
 1.647E-09  2.933E-05  8.199E-05  1.593E-04  5.826E-05  4.730E-04 -1.263E-04 -1.555E-04 -1.913E-04 -2.054E-04 -1.876E-04 
 1.659E-09 -2.754E-06  4.637E-05  1.066E-04  1.896E-05  4.227E-04 -1.243E-04 -1.441E-04 -4.103E-04 -1.479E-04 -2.934E-04 
 1.673E-09  2.565E-04  3.634E-05  1.794E-04 -4.334E-05  3.304E-04 -1.652E-04 -1.080E-04 -5.115E-04 -8.969E-05 -3.944E-04 
 1.687E-09  2.892E-04  7.456E-05  1.531E-04 -7.038E-05  4.944E-04 -1.159E-04 -6.772E-05 -2.642E-04 -4.246E-05 -2.430E-04 
 1.700E-09  2.385E-05  7.928E-05  4.263E-05 -9.349E-05  6.256E-04 -6.989E-06 -3.371E-05 -3.138E-04 -9.083E-06 -2.025E-04 
 1.713E-09  1.864E-04  3.125E-05  5.938E-05 -7.180E-05  5.696E-04  2.405E-05  5.199E-06 -6.682E-04  1.233E-05 -4.084E-04 
 1.715E-09  2.403E-04  2.340E-05  7.227E-05 -6.425E-05  5.548E-04  1.907E-05  1.069E-05 -7.057E-04  1.479E-05 -4.379E-04 
 1.719E-09  3.659E-04  1.024E-05  1.103E-04 -4.552E-05  5.146E-04  5.412E-06  1.960E-05 -7.549E-04  2.040E-05 -4.990E-04 
 1.730E-09  3.665E-04  3.653E-06  1.849E-04  2.577E-06  4.343E-04 -1.821E-05  2.240E-05 -6.364E-04  3.962E-05 -5.423E-04 
 1.747E-09 -6.475E-05  6.131E-05  6.668E-05 -4.383E-06  4.655E-04  7.396E-05 -3.647E-05 -2.696E-04  5.543E-05 -3.589E-04 
 1.764E-09  1.780E-04  5.245E-05  1.253E-05 -7.054E-05  4.684E-04  9.702E-05 -6.221E-05 -3.911E-04  1.406E-05 -3.198E-04 
 1.784E-09  1.479E-04 -2.913E-05  9.320E-05 -8.794E-05  3.693E-04 -5.412E-05 -7.626E-05 -2.213E-04 -3.114E-05 -1.774E-04 
 1.799E-09 -5.423E-06 -3.051E-05  3.335E-07 -5.440E-05  5.359E-04 -4.472E-05 -6.865E-05  4.652E-05 -2.398E-05  3.610E-06 
 1.818E-09  2.787E-04 -1.328E-05  9.058E-05 -1.117E-04  5.199E-04  5.853E-05 -5.036E-06 -1.883E-04 -4.395E-05 -8.441E-05 
 1.824E-09  3.254E-04 -1.392E-05  1.560E-04 -1.305E-04  4.290E-04  6.482E-05  1.154E-05 -2.329E-04 -6.513E-05 -1.208E-04 
 1.829E-09  3.077E-04 -1.367E-05  1.876E-04 -1.295E-04  3.759E-04  5.734E-05  1.712E-05 -2.041E-04 -8.214E-05 -1.276E-04 
 1.833E-09  2.689E-04 -1.107E-05  1.862E-04 -1.168E-04  3.675E-04  4.561E-05  1.694E-05 -1.475E-04 -9.129E-05 -1.093E-04 
 1.843E-09  1.610E-04  2.579E-06  1.024E-04 -6.226E-05  4.667E-04  1.083E-05  7.383E-06  2.956E-05 -9.353E-05 -6.390E-07 
 1.852E-09  1.516E-04  2.168E-05 -4.713E-06 -2.424E-05  6.025E-04 -1.250E-05  2.551E-06  8.820E-05 -5.792E-05  1.115E-04 
 1.864E-09  2.529E-04  4.688E-05 -2.354E-05 -2.859E-05  5.589E-04 -2.782E-05  2.314E-05 -6.629E-05  2.431E-05  1.325E-04 
 1.877E-09  2.255E-04  6.522E-05  1.095E-04 -4.799E-05  3.122E-04 -2.383E-05  4.499E-05 -1.962E-04  6.637E-05 -5.226E-05 
 1.882E-09  1.544E-04  7.434E-05  1.457E-04 -4.089E-05  2.609E-04 -1.344E-05  4.051E-05 -1.650E-04  6.042E-05 -1.359E-04 
 1.891E-09  2.470E-05  9.076E-05  1.324E-04 -8.089E-06  3.017E-04  2.333E-05  1.203E-05 -1.791E-05  2.431E-05 -2.196E-04 
 1.907E-09  2.167E-05  9.243E-05 -1.318E-05  4.166E-05  4.692E-04  1.149E-04 -2.719E-05  1.392E-04 -4.175E-05 -1.090E-04 
 1.924E-09  1.012E-04  4.687E-05  8.538E-06  3.255E-05  3.151E-04  1.288E-04  1.684E-05  1.840E-06 -4.307E-05 -3.775E-06 
 1.940E-09  1.336E-05  7.024E-05  2.001E-05  5.366E-05  2.874E-04  4.195E-05  5.941E-06  1.183E-04 -4.807E-05 -6.312E-06 
 1.964E-09  1.067E-04  1.284E-04 -8.096E-05  1.477E-04  3.702E-04  3.957E-05 -8.811E-05  1.720E-04 -7.878E-05  1.486E-04 
 1.987E-09 -8.582E-06  6.821E-05  3.504E-05  7.906E-05  2.650E-04 -1.191E-05 -4.038E-05 -5.698E-05 -5.029E-05  1.486E-05 
 2.015E-09  4.883E-05  9.644E-05  6.156E-05  1.176E-04  3.936E-04 -7.251E-05 -7.457E-05  5.960E-05 -1.309E-05  7.695E-05 
 2.040E-09 -3.096E-05  9.316E-05  9.510E-05 -2.811E-05  2.206E-04 -8.687E-05 -1.312E-05 -3.601E-05  1.714E-05 -1.500E-04 
 2.061E-09 -2.178E-06  1.430E-04  8.484E-05  5.155E-05  2.962E-04 -9.599E-05 -4.392E-05  5.903E-05 -2.888E-05 -1.039E-04 
 2.083E-09 -2.538E-05  9.122E-05  9.869E-05 -2.394E-07  2.148E-04 -9.774E-05 -5.404E-06 -1.168E-04  6.959E-06 -1.012E-04 
 2.110E-09  6.274E-05  1.462E-04  1.415E-04  1.030E-04  3.525E-04 -1.266E-04 -5.137E-05 -3.279E-05  1.875E-05 -1.408E-04 
 2.118E-09  6.200E-05  1.403E-04  1.731E-04  7.618E-05  3.610E-04 -1.311E-04 -4.809E-05 -1.061E-04  2.040E-05 -1.422E-04 
 2.129E-09  2.225E-05  9.929E-05  1.448E-04  7.867E-06  2.828E-04 -1.446E-04  2.690E-06 -2.517E-04  3.430E-05 -1.820E-04 
 2.154E-09  5.042E-05  1.054E-04  1.655E-04  6.408E-05  3.745E-04 -1.623E-04  4.519E-05 -1.838E-04  6.428E-05 -2.383E-04 
 2.175E-09  7.548E-05  1.111E-04  2.164E-04 -2.567E-05  3.491E-04 -1.463E-04  1.906E-05 -2.603E-04  5.669E-05 -2.368E-04 
 2.202E-09  5.122E-05  7.953E-05  1.791E-04  4.959E-05  3.586E-04 -1.067E-04  3.869E-05 -2.344E-04  3.331E-05 -3.318E-04 
 2.232E-09  4.640E-05  6.063E-05  7.209E-05 -9.260E-05  3.870E-04 -1.275E-04  9.112E-06 -2.925E-04  2.055E-06 -2.710E-04 
 2.259E-09  1.075E-04  7.677E-05  3.859E-04  1.751E-04  3.819E-04 -7.257E-05  3.115E-05 -1.982E-04 -5.704E-06 -2.380E-04 
 2.289E-09  1.166E-04  6.361E-05 -1.035E-04 -1.562E-04  4.529E-04 -4.656E-05  4.184E-05 -3.887E-04  3.157E-05 -2.991E-04 
 2.319E-09  1.409E-04  9.881E-05  5.384E-04 -1.973E-04  5.111E-04 -1.061E-05 -2.053E-05 -2.384E-04  3.622E-05 -2.221E-04 
 2.349E-09  8.579E-05  5.928E-05  6.887E-04  2.895E-04  3.754E-04  1.071E-05 -8.448E-06 -2.503E-04  8.231E-06 -2.398E-04 
 2.379E-09  1.083E-04  5.423E-05 -8.011E-04  9.797E-05  4.456E-04  4.099E-05 -4.639E-05 -1.857E-04 -4.754E-05 -1.626E-04 
 2.409E-09  6.343E-05  8.292E-05 -9.432E-05 -6.968E-05  4.118E-04  8.697E-05 -4.969E-05 -1.421E-04 -6.964E-05 -9.373E-05 
 2.438E-09  9.289E-05  6.419E-05  4.891E-04  9.504E-05  4.284E-04  4.749E-05 -8.765E-05 -2.306E-04 -5.628E-05 -7.398E-05 
 2.468E-09  8.859E-05  7.568E-05 -2.051E-04 -6.731E-05  3.770E-04  4.437E-05 -8.535E-05 -1.375E-04 -6.495E-05 -7.504E-05 
 2.498E-09  5.313E-05  5.328E-05  2.278E-04  5.712E-06  4.373E-04  4.867E-05 -7.136E-05 -1.770E-04 -4.959E-05 -2.069E-05 
 2.528E-09  9.091E-05  5.741E-05  6.549E-05  1.365E-05  3.924E-04  2.516E-05 -9.703E-05 -1.288E-04 -7.096E-05 -5.638E-05 
 2.558E-09  4.661E-05  6.571E-05 -6.077E-05 -5.770E-05  3.031E-04  1.750E-05 -6.348E-05 -1.300E-04 -4.229E-05 -5.191E-05 
 2.588E-09  8.963E-05  5.248E-05  7.409E-05  3.122E-05  4.220E-04 -9.886E-06 -3.854E-05 -1.891E-04 -5.321E-05 -2.084E-05 
 2.618E-09  8.995E-05  7.130E-05 -8.066E-05 -3.906E-05  3.447E-04 -3.870E-05 -2.555E-05 -1.431E-04 -3.336E-05 -1.477E-04 
 2.639E-09  9.534E-05  5.147E-05  1.030E-04  2.130E-05  3.677E-04 -5.724E-05 -3.084E-05 -1.812E-04 -1.261E-05 -7.800E-05 
 2.659E-09  7.065E-05  4.188E-05 -5.579E-05 -3.716E-05  3.373E-04 -6.759E-05 -4.171E-06 -1.554E-04  9.819E-07 -1.761E-04 
 2.689E-09  1.178E-04  4.253E-05  9.566E-05  8.790E-06  3.646E-04 -7.073E-05  3.205E-06 -1.502E-04 -1.155E-05 -1.416E-04 
 2.718E-09  1.222E-04  6.508E-05 -5.261E-05 -1.538E-05  3.439E-04 -5.275E-05  1.492E-05 -1.269E-04 -1.915E-06 -2.128E-04 
 2.748E-09  1.102E-04  6.183E-05  1.303E-04  2.263E-05  4.148E-04 -7.878E-05  1.430E-05 -2.004E-04  3.362E-05 -2.231E-04 
 2.778E-09  1.180E-04  7.588E-05  9.851E-05  5.013E-05  3.380E-04 -5.671E-05  6.584E-06 -8.057E-05  1.671E-07 -2.067E-04 
 2.808E-09  8.131E-05  7.810E-05  1.191E-04 -2.107E-06  3.097E-04 -6.555E-05  1.120E-05 -2.328E-05 -1.383E-05 -2.376E-04 
 2.838E-09  9.652E-05  8.808E-05  2.222E-04  6.714E-05  4.329E-04 -4.522E-05 -1.021E-05 -1.018E-04  8.470E-06 -1.694E-04 
 2.868E-09  7.141E-05  9.792E-05  8.434E-05  2.513E-05  3.212E-04 -2.364E-05 -3.852E-06 -6.652E-05 -8.872E-06 -1.843E-04 
 2.898E-09  5.150E-05  1.119E-04  2.573E-04  4.196E-05  3.496E-04 -4.761E-05 -1.820E-05 -7.711E-05 -7.761E-06 -1.451E-04 
 2.921E-09  2.679E-05  1.151E-04  1.197E-04  4.181E-05  3.714E-04 -2.600E-05 -2.893E-05 -1.074E-04 -1.059E-05 -1.456E-04 
 2.938E-09  2.187E-05  1.155E-04  2.584E-04  8.687E-05  3.204E-04 -3.265E-05 -3.943E-05 -1.038E-04 -4.242E-06 -9.830E-05 
 2.968E-09  1.847E-05  1.042E-04  6.977E-05  1.441E-05  3.797E-04 -2.690E-05 -1.987E-05 -1.212E-04 -5.520E-06 -1.327E-04 
 3.000E-09  3.465E-05  1.024E-04  1.979E-04  3.167E-05  3.750E-04 -3.621E-05 -8.769E-06 -1.652E-04 -2.073E-06 -8.473E-05 
