#format table ## [Custom WaveView] saved 12:05:27 Fri May 30 2025
TIME v(next_diff1) v(next_diff2) v(next_diff3) v(next_diff4) v(next_diff5) v(fext_diff1) v(fext_diff2) v(fext_diff3) v(fext_diff4) v(fext_diff5) 
 0.000E+00  1.195E-05 -1.993E-05 -2.102E-05 -5.215E-06  2.037E-04  1.578E-05 -7.222E-06 -7.607E-05  2.940E-06 -6.083E-05 
 1.000E-12  1.195E-05 -1.993E-05 -2.102E-05 -5.214E-06  2.037E-04  1.578E-05 -7.222E-06 -7.607E-05  2.939E-06 -6.083E-05 
 2.000E-12  1.195E-05 -1.993E-05 -2.102E-05 -5.214E-06  2.037E-04  1.578E-05 -7.222E-06 -7.607E-05  2.939E-06 -6.083E-05 
 5.200E-12  1.195E-05 -1.993E-05 -2.102E-05 -5.214E-06  2.037E-04  1.578E-05 -7.222E-06 -7.607E-05  2.939E-06 -6.083E-05 
 1.544E-11  1.195E-05 -1.993E-05 -2.102E-05 -5.214E-06  2.037E-04  1.578E-05 -7.222E-06 -7.607E-05  2.939E-06 -6.083E-05 
 2.500E-11  1.195E-05 -1.993E-05 -2.102E-05 -5.214E-06  2.037E-04  1.578E-05 -7.222E-06 -7.607E-05  2.939E-06 -6.083E-05 
 2.523E-11  1.195E-05 -1.993E-05 -2.102E-05 -5.214E-06  2.037E-04  1.578E-05 -7.222E-06 -7.607E-05  2.939E-06 -6.083E-05 
 2.559E-11  1.195E-05 -1.993E-05 -2.102E-05 -5.214E-06  2.037E-04  1.578E-05 -7.222E-06 -7.607E-05  2.939E-06 -6.083E-05 
 2.672E-11  1.195E-05 -1.993E-05 -2.102E-05 -5.214E-06  2.037E-04  1.578E-05 -7.222E-06 -7.607E-05  2.939E-06 -6.083E-05 
 3.035E-11  1.195E-05 -1.993E-05 -2.102E-05 -5.214E-06  2.037E-04  1.578E-05 -7.222E-06 -7.607E-05  2.939E-06 -6.083E-05 
 4.195E-11  1.195E-05 -1.993E-05 -2.102E-05 -5.214E-06  2.037E-04  1.578E-05 -7.222E-06 -7.607E-05  2.939E-06 -6.083E-05 
 7.195E-11  1.195E-05 -1.993E-05 -2.102E-05 -5.214E-06  2.037E-04  1.578E-05 -7.222E-06 -7.607E-05  2.939E-06 -6.083E-05 
 1.019E-10  1.195E-05 -1.993E-05 -2.102E-05 -5.214E-06  2.037E-04  1.578E-05 -7.222E-06 -7.607E-05  2.939E-06 -6.083E-05 
 1.319E-10  1.195E-05 -1.993E-05 -2.102E-05 -5.214E-06  2.037E-04  1.578E-05 -7.222E-06 -7.607E-05  2.940E-06 -6.083E-05 
 1.619E-10  1.195E-05 -1.993E-05 -2.102E-05 -5.214E-06  2.037E-04  1.578E-05 -7.222E-06 -7.607E-05  2.939E-06 -6.083E-05 
 1.919E-10  1.195E-05 -1.993E-05 -2.102E-05 -5.214E-06  2.037E-04  1.578E-05 -7.222E-06 -7.607E-05  2.939E-06 -6.083E-05 
 2.219E-10  1.195E-05 -1.993E-05 -2.102E-05 -5.214E-06  2.037E-04  1.578E-05 -7.222E-06 -7.607E-05  2.939E-06 -6.083E-05 
 2.519E-10  1.195E-05 -1.993E-05 -2.102E-05 -5.215E-06  2.037E-04  1.578E-05 -7.222E-06 -7.607E-05  2.939E-06 -6.083E-05 
 2.819E-10  1.195E-05 -1.993E-05 -2.102E-05 -5.214E-06  2.037E-04  1.578E-05 -7.222E-06 -7.607E-05  2.939E-06 -6.083E-05 
 3.119E-10  1.195E-05 -1.993E-05 -2.102E-05 -5.214E-06  2.037E-04  1.578E-05 -7.222E-06 -7.607E-05  2.939E-06 -6.083E-05 
 3.419E-10  1.195E-05 -1.993E-05 -2.102E-05 -5.214E-06  2.037E-04  1.578E-05 -7.222E-06 -7.607E-05  2.939E-06 -6.083E-05 
 3.719E-10  1.195E-05 -1.993E-05 -2.102E-05 -5.214E-06  2.037E-04  1.578E-05 -7.222E-06 -7.607E-05  2.938E-06 -6.083E-05 
 4.019E-10  1.195E-05 -1.993E-05 -2.102E-05 -5.214E-06  2.037E-04  1.578E-05 -7.222E-06 -7.607E-05  2.937E-06 -6.084E-05 
 4.319E-10  1.195E-05 -1.993E-05 -2.102E-05 -5.214E-06  2.037E-04  1.578E-05 -7.222E-06 -7.607E-05  2.937E-06 -6.084E-05 
 4.619E-10  1.195E-05 -1.993E-05 -2.102E-05 -5.218E-06  2.037E-04  1.578E-05 -7.222E-06 -7.607E-05  2.937E-06 -6.084E-05 
 4.919E-10  1.195E-05 -1.993E-05 -2.102E-05 -5.219E-06  2.037E-04  1.578E-05 -7.222E-06 -7.607E-05  2.937E-06 -6.083E-05 
 4.994E-10  1.195E-05 -1.993E-05 -2.102E-05 -5.218E-06  2.037E-04  1.578E-05 -7.222E-06 -7.607E-05  2.938E-06 -6.083E-05 
 5.009E-10  1.088E-05 -2.199E-05 -1.890E-05 -1.679E-05  2.335E-04  1.548E-05 -6.800E-06 -7.585E-05  3.869E-06 -6.473E-05 
 5.043E-10  7.103E-06 -2.926E-05 -1.141E-05 -5.755E-05  3.385E-04  1.443E-05 -5.314E-06 -7.508E-05  7.150E-06 -7.847E-05 
 5.056E-10  5.551E-06 -3.233E-05 -7.990E-06 -7.527E-05  3.821E-04  1.399E-05 -4.669E-06 -7.474E-05  8.384E-06 -8.431E-05 
 5.074E-10  3.305E-06 -3.714E-05 -1.379E-06 -1.056E-04  4.468E-04  1.334E-05 -3.566E-06 -7.414E-05  9.595E-06 -9.371E-05 
 5.102E-10 -3.774E-07 -4.524E-05  1.043E-05 -1.580E-04  5.537E-04  1.227E-05 -1.660E-06 -7.309E-05  1.124E-05 -1.097E-04 
 5.130E-10 -3.644E-06 -5.292E-05  2.346E-05 -2.145E-04  6.651E-04  1.131E-05  3.625E-08 -7.205E-05  1.216E-05 -1.244E-04 
 5.173E-10 -7.594E-06 -6.338E-05  4.535E-05 -3.067E-04  8.397E-04  1.013E-05  2.103E-06 -7.056E-05  1.203E-05 -1.436E-04 
 5.208E-10 -8.043E-06 -6.740E-05  6.313E-05 -3.739E-04  9.634E-04  9.939E-06  2.404E-06 -6.984E-05  1.008E-05 -1.492E-04 
 5.225E-10 -8.060E-06 -6.909E-05  7.217E-05 -4.074E-04  1.025E-03  9.901E-06  2.452E-06 -6.951E-05  8.950E-06 -1.512E-04 
 5.239E-10 -7.389E-06 -6.928E-05  7.926E-05 -4.306E-04  1.069E-03  1.005E-05  2.157E-06 -6.941E-05  8.013E-06 -1.503E-04 
 5.250E-10 -6.355E-06 -6.858E-05  8.474E-05 -4.462E-04  1.100E-03  1.031E-05  1.684E-06 -6.944E-05  7.196E-06 -1.477E-04 
 5.257E-10 -4.958E-06 -6.665E-05  8.649E-05 -4.470E-04  1.098E-03  1.068E-05  1.087E-06 -6.963E-05  6.113E-06 -1.433E-04 
 5.264E-10 -3.358E-06 -6.444E-05  8.850E-05 -4.481E-04  1.095E-03  1.110E-05  4.025E-07 -6.984E-05  4.872E-06 -1.383E-04 
 5.271E-10 -1.894E-06 -6.242E-05  9.034E-05 -4.490E-04  1.092E-03  1.149E-05 -2.237E-07 -7.003E-05  3.737E-06 -1.337E-04 
 5.293E-10  2.995E-06 -5.560E-05  9.622E-05 -4.498E-04  1.084E-03  1.277E-05 -2.316E-06 -7.072E-05  3.493E-07 -1.182E-04 
 5.307E-10  6.635E-06 -5.032E-05  9.991E-05 -4.450E-04  1.076E-03  1.371E-05 -3.885E-06 -7.133E-05 -1.228E-06 -1.065E-04 
 5.318E-10  9.888E-06 -4.514E-05  1.011E-04 -4.335E-04  1.063E-03  1.456E-05 -5.425E-06 -7.200E-05 -1.952E-06 -9.505E-05 
 5.338E-10  1.577E-05 -3.562E-05  1.025E-04 -4.104E-04  1.037E-03  1.611E-05 -8.268E-06 -7.325E-05 -3.097E-06 -7.403E-05 
 5.360E-10  2.211E-05 -2.538E-05  1.043E-04 -3.812E-04  1.013E-03  1.774E-05 -1.127E-05 -7.466E-05 -3.538E-06 -5.176E-05 
 5.394E-10  3.085E-05 -1.084E-05  1.059E-04 -3.193E-04  9.782E-04  1.986E-05 -1.523E-05 -7.693E-05 -7.649E-07 -2.154E-05 
 5.473E-10  4.088E-05  5.274E-06  1.124E-04 -1.751E-04  9.619E-04  2.161E-05 -1.860E-05 -8.027E-05  1.146E-05  5.460E-06 
 5.553E-10  3.192E-05 -1.341E-05  1.238E-04 -9.875E-05  1.012E-03  1.777E-05 -1.148E-05 -7.829E-05  1.823E-05 -4.942E-05 
 5.617E-10  1.931E-05 -4.068E-05  1.326E-04 -1.117E-04  9.387E-04  1.305E-05 -1.183E-06 -7.332E-05  9.745E-06 -1.245E-04 
 5.686E-10  1.119E-05 -6.276E-05  1.377E-04 -1.782E-04  6.461E-04  9.182E-06  9.964E-06 -6.743E-05 -7.504E-06 -1.928E-04 
 5.759E-10  1.196E-05 -6.709E-05  1.308E-04 -2.671E-04  2.645E-04  7.602E-06  1.625E-05 -6.427E-05 -1.592E-05 -2.177E-04 
 5.818E-10  1.688E-05 -5.719E-05  1.167E-04 -3.203E-04  9.435E-05  7.896E-06  1.546E-05 -6.577E-05 -6.046E-06 -1.985E-04 
 5.891E-10  1.978E-05 -4.199E-05  9.180E-05 -3.424E-04  2.274E-04  8.646E-06  7.975E-06 -7.138E-05  1.816E-05 -1.512E-04 
 5.955E-10  1.683E-05 -3.533E-05  7.305E-05 -3.159E-04  5.520E-04  9.113E-06 -5.115E-07 -7.661E-05  3.246E-05 -1.170E-04 
 6.015E-10  1.188E-05 -3.790E-05  6.730E-05 -2.656E-04  7.762E-04  9.323E-06 -4.833E-06 -7.847E-05  2.790E-05 -1.125E-04 
 6.079E-10  8.795E-06 -4.715E-05  7.439E-05 -2.079E-04  7.360E-04  9.328E-06 -2.688E-06 -7.565E-05  7.366E-06 -1.402E-04 
 6.144E-10  1.093E-05 -5.591E-05  8.478E-05 -1.706E-04  4.320E-04  9.048E-06  4.766E-06 -6.948E-05 -1.156E-05 -1.826E-04 
 6.161E-10  1.233E-05 -5.737E-05  8.678E-05 -1.663E-04  3.290E-04  8.938E-06  7.083E-06 -6.772E-05 -1.440E-05 -1.931E-04 
 6.179E-10  1.395E-05 -5.851E-05  8.753E-05 -1.627E-04  2.238E-04  8.774E-06  9.503E-06 -6.594E-05 -1.623E-05 -2.032E-04 
 6.223E-10  1.880E-05 -5.759E-05  8.233E-05 -1.676E-04  1.840E-05  8.213E-06  1.416E-05 -6.290E-05 -1.112E-05 -2.164E-04 
 6.283E-10  2.348E-05 -5.114E-05  5.865E-05 -1.867E-04 -4.043E-05  7.292E-06  1.624E-05 -6.258E-05  7.445E-06 -2.095E-04 
 6.344E-10  2.232E-05 -4.238E-05  1.787E-05 -2.018E-04  2.280E-04  6.574E-06  1.232E-05 -6.716E-05  2.797E-05 -1.763E-04 
 6.426E-10  1.053E-05 -3.825E-05 -4.167E-05 -1.784E-04  8.584E-04  6.881E-06  2.226E-06 -7.626E-05  3.259E-05 -1.252E-04 
 6.485E-10 -5.239E-07 -4.485E-05 -7.050E-05 -1.224E-04  1.198E-03  8.099E-06 -3.126E-06 -8.022E-05  1.590E-05 -1.097E-04 
 6.558E-10 -7.074E-06 -6.086E-05 -7.783E-05 -3.262E-05  1.179E-03  9.792E-06 -2.124E-06 -7.801E-05 -1.037E-05 -1.307E-04 
 6.636E-10  5.727E-07 -7.446E-05 -6.051E-05  2.075E-05  7.773E-04  9.996E-06  6.576E-06 -6.945E-05 -1.766E-05 -1.805E-04 
 6.705E-10  1.671E-05 -7.159E-05 -3.959E-05 -1.504E-05  5.521E-04  7.898E-06  1.473E-05 -6.258E-05  1.410E-06 -2.137E-04 
 6.808E-10  3.236E-05 -3.873E-05 -2.431E-05 -1.692E-04  1.264E-03  3.746E-06  1.544E-05 -6.441E-05  3.572E-05 -1.956E-04 
 6.837E-10  3.102E-05 -2.687E-05 -2.308E-05 -2.095E-04  1.684E-03  3.275E-06  1.299E-05 -6.748E-05  3.829E-05 -1.782E-04 
 6.929E-10  8.081E-06  5.805E-07 -2.462E-05 -2.355E-04  3.155E-03  5.674E-06  1.940E-06 -7.947E-05  1.675E-05 -1.173E-04 
 7.012E-10 -2.103E-05 -2.011E-06 -2.025E-05 -1.129E-04  3.816E-03  1.068E-05 -1.996E-06 -8.216E-05 -1.401E-05 -1.067E-04 
 7.119E-10 -3.298E-05 -3.314E-05  4.837E-07 -6.451E-05  3.211E-03  1.242E-05  6.830E-06 -6.963E-05 -1.454E-05 -1.701E-04 
 7.216E-10 -9.593E-06 -4.334E-05  5.994E-05 -4.857E-04  2.393E-03  5.913E-06  1.642E-05 -5.896E-05  2.353E-05 -2.212E-04 
 7.299E-10  1.524E-05 -1.480E-05  1.827E-04 -1.198E-03  2.442E-03  7.196E-07  1.566E-05 -6.298E-05  4.410E-05 -2.013E-04 
 7.406E-10  2.501E-05  4.968E-05  4.389E-04 -1.851E-03  3.309E-03  4.401E-06  4.259E-06 -8.008E-05  1.893E-05 -1.176E-04 
 7.437E-10  2.321E-05  6.384E-05  5.187E-04 -1.818E-03  3.470E-03  7.515E-06  1.322E-06 -8.335E-05  4.415E-06 -1.006E-04 
 7.535E-10  1.690E-05  7.179E-05  6.939E-04 -1.423E-03  3.208E-03  1.577E-05 -9.496E-07 -8.162E-05 -2.948E-05 -1.037E-04 
 7.633E-10  2.588E-05  2.025E-05  6.275E-04 -1.377E-03  1.834E-03  1.259E-05  8.031E-06 -6.424E-05 -9.672E-06 -1.848E-04 
 7.729E-10  4.368E-05 -3.819E-05  3.712E-04 -1.675E-03  7.272E-04  1.436E-06  1.585E-05 -5.553E-05  4.323E-05 -2.316E-04 
 7.866E-10  3.287E-05 -6.105E-05  1.459E-04 -1.108E-03  1.207E-03  1.374E-06  1.067E-05 -7.520E-05  4.158E-05 -1.397E-04 
 7.965E-10 -9.289E-06 -8.194E-05  3.102E-04 -6.558E-04  2.224E-03  1.568E-05  2.321E-06 -8.601E-05 -3.057E-05 -7.265E-05 
 8.086E-10 -4.192E-05 -2.066E-04  5.762E-04 -7.106E-04  2.505E-03  1.804E-05  8.705E-07 -6.784E-05 -4.322E-05 -1.423E-04 
 8.262E-10  3.099E-05 -4.118E-04  2.760E-04  1.112E-04  1.445E-03 -1.092E-05  1.259E-05 -4.994E-05  9.723E-05 -2.421E-04 
 8.430E-10  1.278E-04 -2.499E-04  3.033E-05  4.602E-04  1.340E-03  1.433E-05  2.631E-05 -7.474E-05 -4.936E-05 -5.826E-05 
 8.502E-10  1.396E-04 -1.338E-04  1.903E-04  1.371E-04  1.508E-03  2.613E-05  3.076E-05 -6.564E-05 -1.059E-04 -4.995E-05 
 8.612E-10  1.201E-04 -6.135E-05  4.849E-04 -2.814E-04  1.549E-03  1.203E-06  3.292E-05 -2.964E-05 -1.699E-05 -2.072E-04 
 8.802E-10  5.376E-05 -1.810E-04  2.580E-04  2.628E-04  4.937E-04 -7.808E-05  3.930E-05 -5.187E-05  8.601E-05 -3.277E-04 
 8.951E-10  4.269E-05 -1.200E-04 -5.507E-05  2.106E-04 -1.140E-04  3.377E-05  6.189E-05 -1.871E-04 -9.754E-05 -1.544E-04 
 9.132E-10  4.541E-05  2.673E-05  5.423E-05 -6.352E-04 -8.326E-05  1.985E-04  4.943E-05 -4.764E-04  6.035E-04 -1.034E-03 
 9.263E-10  3.311E-05  1.699E-05 -3.437E-05 -1.667E-04 -1.336E-03  9.560E-05 -1.525E-06 -7.940E-04  1.312E-03 -1.930E-03 
 9.270E-10  3.270E-05  1.544E-05 -4.129E-05 -1.202E-04 -1.384E-03  8.501E-05 -4.678E-06 -8.102E-04  1.334E-03 -1.956E-03 
 9.292E-10  3.316E-05  1.482E-05 -7.227E-05  3.001E-05 -1.492E-03  5.073E-05 -1.627E-05 -8.599E-04  1.374E-03 -1.970E-03 
 9.332E-10  3.739E-05  1.967E-05 -1.256E-04  2.647E-04 -1.527E-03 -6.165E-06 -3.458E-05 -9.202E-04  1.340E-03 -1.831E-03 
 9.364E-10  4.437E-05  3.313E-05 -1.557E-04  3.731E-04 -1.401E-03 -4.404E-05 -5.205E-05 -9.430E-04  1.218E-03 -1.521E-03 
 9.408E-10  5.678E-05  6.060E-05 -1.795E-04  4.021E-04 -1.132E-03 -7.822E-05 -7.673E-05 -9.371E-04  9.479E-04 -8.874E-04 
 9.464E-10  7.441E-05  1.081E-04 -1.657E-04  1.253E-04 -8.147E-04 -7.007E-05 -1.112E-04 -8.468E-04  4.372E-04  3.143E-04 
 9.523E-10  8.689E-05  1.556E-04 -1.271E-04 -5.191E-04 -9.132E-04  6.635E-06 -1.535E-04 -6.676E-04 -2.161E-04  1.952E-03 
 9.565E-10  8.693E-05  1.736E-04 -1.114E-04 -1.090E-03 -1.251E-03  9.319E-05 -1.832E-04 -5.200E-04 -6.393E-04  3.111E-03 
 9.626E-10  7.264E-05  1.673E-04 -1.626E-04 -1.968E-03 -1.506E-03  2.454E-04 -2.247E-04 -3.155E-04 -1.130E-03  4.682E-03 
 9.663E-10  5.787E-05  1.417E-04 -2.600E-04 -2.433E-03 -1.373E-03  3.338E-04 -2.449E-04 -2.268E-04 -1.293E-03  5.404E-03 
 9.717E-10  3.735E-05  8.674E-05 -4.786E-04 -2.918E-03 -8.393E-04  4.290E-04 -2.646E-04 -1.682E-04 -1.333E-03  6.008E-03 
 9.768E-10  2.847E-05  2.471E-05 -7.709E-04 -3.132E-03 -5.713E-05  4.659E-04 -2.724E-04 -1.985E-04 -1.165E-03  6.035E-03 
 9.836E-10  5.332E-05 -4.387E-05 -1.236E-03 -3.020E-03  7.055E-04  4.136E-04 -2.710E-04 -3.515E-04 -7.199E-04  5.220E-03 
 9.892E-10  1.099E-04 -7.203E-05 -1.610E-03 -2.708E-03  7.848E-04  3.080E-04 -2.722E-04 -5.080E-04 -3.182E-04  4.070E-03 
 9.976E-10  2.353E-04 -6.433E-05 -1.998E-03 -2.126E-03  2.679E-04  1.249E-04 -2.977E-04 -6.589E-04  9.583E-05  2.144E-03 
 1.005E-09  3.431E-04 -4.813E-05 -2.070E-03 -1.701E-03 -1.241E-04  3.038E-05 -3.530E-04 -6.064E-04  2.035E-04  7.923E-04 
 1.011E-09  3.823E-04 -6.121E-05 -1.936E-03 -1.526E-03 -1.138E-04  4.040E-05 -3.965E-04 -4.537E-04  1.765E-04  3.448E-04 
 1.016E-09  3.782E-04 -1.058E-04 -1.697E-03 -1.438E-03  1.590E-04  9.859E-05 -4.199E-04 -2.678E-04  1.659E-04  3.279E-04 
 1.023E-09  3.154E-04 -2.187E-04 -1.219E-03 -1.327E-03  8.089E-04  2.095E-04 -3.946E-04 -4.197E-06  2.628E-04  7.403E-04 
 1.025E-09  2.922E-04 -2.510E-04 -1.095E-03 -1.291E-03  9.621E-04  2.309E-04 -3.724E-04  4.239E-05  3.121E-04  8.882E-04 
 1.026E-09  2.735E-04 -2.767E-04 -9.967E-04 -1.265E-03  1.086E-03  2.474E-04 -3.542E-04  7.728E-05  3.529E-04  1.012E-03 
 1.029E-09  2.336E-04 -3.296E-04 -7.839E-04 -1.185E-03  1.307E-03  2.731E-04 -3.059E-04  1.433E-04  4.478E-04  1.256E-03 
 1.031E-09  1.968E-04 -3.742E-04 -6.012E-04 -1.086E-03  1.426E-03  2.775E-04 -2.445E-04  1.747E-04  5.450E-04  1.463E-03 
 1.034E-09  1.550E-04 -4.211E-04 -3.900E-04 -9.474E-04  1.514E-03  2.722E-04 -1.651E-04  2.034E-04  6.592E-04  1.681E-03 
 1.038E-09  1.183E-04 -4.540E-04 -1.959E-04 -7.503E-04  1.443E-03  2.334E-04 -6.226E-05  2.000E-04  7.592E-04  1.832E-03 
 1.042E-09  8.823E-05 -4.677E-04 -3.336E-05 -5.270E-04  1.268E-03  1.776E-04  4.297E-05  1.890E-04  8.161E-04  1.903E-03 
 1.049E-09  5.683E-05 -4.222E-04  1.389E-04 -5.493E-05  6.009E-04  2.403E-05  2.318E-04  1.501E-04  7.294E-04  1.780E-03 
 1.056E-09  3.878E-05 -3.163E-04  1.221E-04  2.491E-04 -7.213E-05 -8.306E-05  3.236E-04  1.671E-04  4.108E-04  1.485E-03 
 1.064E-09  4.228E-07 -1.969E-04 -2.263E-05  2.802E-04 -4.476E-04 -8.029E-05  3.072E-04  2.584E-04  1.523E-06  1.204E-03 
 1.065E-09 -1.059E-05 -1.796E-04 -5.448E-05  2.449E-04 -4.499E-04 -6.247E-05  2.917E-04  2.804E-04 -6.268E-05  1.173E-03 
 1.067E-09 -2.866E-05 -1.546E-04 -1.073E-04  1.827E-04 -4.299E-04 -3.093E-05  2.650E-04  3.156E-04 -1.512E-04  1.133E-03 
 1.074E-09 -8.409E-05 -1.101E-04 -2.324E-04 -5.775E-05 -1.465E-04  9.334E-05  1.797E-04  3.892E-04 -2.869E-04  1.076E-03 
 1.079E-09 -1.147E-04 -1.009E-04 -2.828E-04 -2.251E-04  2.391E-04  1.935E-04  1.261E-04  3.937E-04 -2.569E-04  1.069E-03 
 1.088E-09 -1.001E-04 -9.699E-05 -2.715E-04 -2.359E-04  7.884E-04  2.714E-04  1.064E-04  2.853E-04 -7.494E-05  1.015E-03 
 1.095E-09 -1.552E-05 -7.440E-05 -2.137E-04  7.796E-05  8.742E-04  2.245E-04  1.541E-04  1.137E-04  5.100E-05  8.776E-04 
 1.101E-09  6.985E-05 -4.141E-05 -1.874E-04  4.256E-04  5.818E-04  1.421E-04  2.023E-04 -1.270E-05  3.068E-05  7.513E-04 
 1.108E-09  1.405E-04 -1.026E-05 -2.121E-04  7.361E-04 -3.163E-05  5.137E-05  2.340E-04 -9.641E-05 -1.109E-04  6.657E-04 
 1.114E-09  1.491E-04 -1.404E-05 -2.891E-04  8.042E-04 -6.422E-04  8.049E-06  2.251E-04 -1.115E-04 -2.573E-04  6.852E-04 
 1.120E-09  1.012E-04 -5.903E-05 -3.846E-04  6.368E-04 -1.003E-03  1.491E-05  1.862E-04 -9.382E-05 -2.806E-04  7.774E-04 
 1.122E-09  7.925E-05 -7.939E-05 -4.144E-04  5.517E-04 -1.057E-03  2.331E-05  1.705E-04 -8.758E-05 -2.587E-04  8.100E-04 
 1.124E-09  5.190E-05 -1.056E-04 -4.422E-04  4.399E-04 -1.044E-03  3.566E-05  1.522E-04 -8.518E-05 -1.959E-04  8.421E-04 
 1.128E-09 -8.219E-06 -1.653E-04 -4.914E-04  1.759E-04 -8.754E-04  6.575E-05  1.122E-04 -8.916E-05 -6.174E-06  8.949E-04 
 1.133E-09 -4.497E-05 -2.084E-04 -5.029E-04 -2.785E-05 -5.066E-04  8.378E-05  8.406E-05 -1.192E-04  2.402E-04  8.759E-04 
 1.140E-09 -3.765E-05 -2.167E-04 -4.582E-04 -2.003E-04  3.401E-04  7.230E-05  5.214E-05 -2.085E-04  6.070E-04  6.587E-04 
 1.145E-09  2.751E-05 -1.559E-04 -3.881E-04 -1.589E-04  9.428E-04  3.093E-05  3.746E-05 -2.781E-04  7.024E-04  3.672E-04 
 1.154E-09  1.752E-04  3.449E-05 -2.779E-04  5.276E-05  1.499E-03 -4.987E-05 -6.626E-06 -3.136E-04  3.775E-04 -1.701E-04 
 1.157E-09  2.160E-04  1.046E-04 -2.570E-04  1.226E-04  1.546E-03 -6.984E-05 -2.970E-05 -2.985E-04  1.824E-04 -3.234E-04 
 1.163E-09  2.395E-04  2.068E-04 -2.661E-04  1.885E-04  1.390E-03 -7.777E-05 -8.874E-05 -2.230E-04 -2.103E-04 -4.879E-04 
 1.172E-09  1.170E-04  2.119E-04 -4.034E-04  1.632E-04  8.291E-04 -2.494E-05 -1.810E-04 -8.412E-05 -3.779E-04 -4.168E-04 
 1.181E-09 -8.986E-05  5.377E-05 -5.867E-04  2.192E-04  3.067E-04  3.574E-05 -2.153E-04 -5.723E-05  1.400E-04 -1.546E-04 
 1.192E-09 -1.908E-04 -1.577E-04 -6.434E-04  6.432E-04  2.638E-05  1.927E-05 -1.583E-04 -2.254E-04  8.873E-04  1.230E-05 
 1.200E-09 -7.002E-05 -1.836E-04 -4.617E-04  9.942E-04  6.310E-06 -4.408E-05 -1.101E-04 -3.461E-04  7.154E-04 -7.998E-05 
 1.209E-09  1.534E-04 -7.388E-05 -9.781E-05  1.010E-03  9.690E-05 -8.843E-05 -1.195E-04 -3.049E-04 -2.071E-04 -2.282E-04 
 1.220E-09  1.870E-04  2.205E-05  1.269E-04  4.076E-04  3.372E-04 -2.778E-05 -1.914E-04 -5.671E-05 -7.997E-04 -8.499E-05 
 1.229E-09 -4.645E-06 -3.051E-05 -4.686E-05 -1.509E-05  5.583E-04  4.625E-05 -1.887E-04  3.659E-05 -4.095E-04  1.969E-04 
 1.239E-09 -2.671E-04 -1.620E-04 -5.061E-04 -4.477E-05  7.027E-04  7.800E-05 -6.944E-05 -9.314E-05  2.199E-04  4.401E-04 
 1.242E-09 -3.031E-04 -1.891E-04 -6.354E-04  5.680E-05  6.949E-04  6.598E-05 -1.222E-05 -1.710E-04  2.262E-04  4.544E-04 
 1.247E-09 -2.988E-04 -2.028E-04 -7.574E-04  2.289E-04  6.458E-04  3.648E-05  6.782E-05 -2.721E-04  4.754E-05  4.195E-04 
 1.257E-09 -9.475E-05 -1.294E-04 -6.142E-04  4.282E-04  5.077E-04 -4.108E-05  1.546E-04 -2.914E-04 -7.313E-04  2.279E-04 
 1.267E-09  1.305E-04 -3.436E-05 -1.300E-04  2.284E-04  5.597E-04 -8.963E-05  1.186E-04 -1.471E-05 -9.245E-04  6.038E-05 
 1.279E-09  1.145E-04 -4.500E-05  2.333E-04 -9.171E-05  9.146E-04 -1.044E-04  6.507E-05  2.684E-04  1.066E-04 -1.553E-04 
 1.290E-09 -1.114E-04 -1.075E-04 -6.580E-06  5.539E-05  1.138E-03 -7.920E-05  1.251E-04 -1.995E-06  6.801E-04 -6.789E-04 
 1.301E-09 -1.484E-04 -3.915E-05 -2.357E-04  3.518E-04  1.002E-03 -1.155E-05  1.637E-04 -4.429E-04 -1.090E-04 -1.361E-03 
 1.314E-09  9.331E-05  1.194E-04  3.526E-05  2.925E-04  7.041E-04  7.116E-05  1.155E-05 -3.844E-04 -8.433E-04 -1.682E-03 
 1.333E-09  1.277E-04 -6.642E-05  1.394E-04  3.362E-05  2.856E-04 -3.979E-05 -1.532E-04  2.790E-04  6.230E-04 -8.603E-04 
 1.349E-09 -9.183E-05 -2.422E-04 -3.756E-04  4.999E-04 -5.222E-04 -1.311E-04  5.300E-05 -2.545E-04  3.079E-04 -6.597E-04 
 1.367E-09  5.555E-05 -2.016E-05  3.064E-04  5.729E-04 -7.190E-04  2.793E-05 -5.051E-05 -2.932E-04 -4.921E-04 -4.203E-04 
 1.372E-09  8.735E-05  1.940E-05  4.523E-04  4.279E-04 -4.449E-04  5.944E-05 -1.270E-04 -1.111E-05 -3.095E-04 -1.447E-04 
 1.380E-09  5.798E-05  1.310E-05  4.361E-04  1.682E-04  1.259E-04  5.904E-05 -1.861E-04  4.269E-04  9.002E-05  3.024E-04 
 1.398E-09 -1.918E-04 -6.871E-05 -4.917E-04 -8.583E-05  8.036E-04 -5.885E-05  9.064E-05  1.299E-04 -5.605E-05  1.453E-04 
 1.414E-09 -7.595E-05  1.359E-04  7.967E-06 -4.057E-05  1.414E-04 -5.370E-05  1.232E-04 -4.383E-04 -4.073E-04 -5.194E-04 
 1.428E-09  2.888E-05  1.482E-04  2.649E-04 -1.123E-04 -1.378E-04 -2.095E-05 -5.277E-05  3.632E-05  2.595E-04 -1.238E-04 
 1.431E-09  1.488E-05  9.575E-05  1.302E-04 -1.263E-04 -7.925E-05 -1.515E-05 -6.528E-05  1.785E-04  4.246E-04  3.103E-05 
 1.441E-09 -7.673E-05 -9.356E-05 -4.441E-04 -4.628E-05  2.593E-04  1.399E-05  1.443E-05  2.436E-04  5.073E-04  1.253E-04 
 1.450E-09 -1.481E-04 -1.988E-04 -6.808E-04  1.421E-04  5.351E-04  2.178E-05  1.444E-04 -1.106E-04  1.421E-04 -2.967E-04 
 1.458E-09 -1.380E-04 -1.636E-04 -2.945E-04  2.882E-04  5.394E-04 -2.525E-05  1.746E-04 -4.719E-04 -1.980E-04 -8.557E-04 
 1.467E-09 -7.076E-05 -5.538E-05  4.200E-04  2.834E-04  3.437E-04 -2.215E-05  6.821E-05 -5.156E-04 -2.057E-04 -1.145E-03 
 1.475E-09 -2.719E-05 -1.968E-05  6.729E-04  1.065E-04  1.891E-04  9.320E-05 -6.808E-05 -1.854E-04  1.043E-04 -8.612E-04 
 1.481E-09 -2.754E-05 -6.558E-05  4.411E-04 -4.412E-05  1.891E-04  1.464E-04 -1.160E-04  9.726E-05  3.200E-04 -4.242E-04 
 1.488E-09 -5.034E-05 -1.654E-04 -1.279E-04 -1.327E-04  3.009E-04  7.301E-05 -8.008E-05  2.466E-04  3.683E-04  6.886E-05 
 1.500E-09 -5.603E-05 -2.459E-04 -7.202E-04  5.087E-06  4.348E-04 -1.718E-04  8.047E-05 -3.244E-05  2.831E-05  3.095E-04 
 1.502E-09 -4.679E-05 -2.357E-04 -7.142E-04  6.299E-05  4.288E-04 -2.003E-04  1.088E-04 -1.348E-04 -6.117E-05  2.651E-04 
 1.504E-09 -3.289E-05 -2.104E-04 -6.230E-04  1.174E-04  3.889E-04 -2.032E-04  1.242E-04 -2.243E-04 -1.301E-04  1.869E-04 
 1.512E-09  2.442E-05 -8.385E-05 -6.626E-05  2.532E-04  1.783E-04 -9.838E-05  1.060E-04 -3.857E-04 -2.192E-04 -1.519E-04 
 1.518E-09  6.385E-05  2.770E-05  4.548E-04  2.610E-04 -3.627E-05  2.601E-05  2.184E-05 -2.831E-04 -1.176E-04 -4.161E-04 
 1.527E-09  6.450E-05  7.418E-05  6.924E-04  1.054E-04 -1.710E-04  9.803E-05 -1.021E-04  1.281E-04  1.316E-04 -5.384E-04 
 1.537E-09 -7.421E-07 -6.811E-05  5.136E-05 -1.021E-04  5.734E-05  3.793E-05 -1.028E-04  4.636E-04  2.266E-04 -3.587E-04 
 1.545E-09 -3.969E-05 -2.137E-04 -6.079E-04 -1.366E-04  3.816E-04 -2.524E-05  1.771E-05  3.009E-04  8.473E-05 -2.170E-04 
 1.554E-09 -7.716E-06 -2.202E-04 -6.627E-04 -1.364E-05  5.385E-04 -4.334E-05  1.351E-04 -1.896E-04 -9.251E-05 -2.423E-04 
 1.564E-09  9.290E-05 -1.389E-05  1.379E-04  1.442E-04  3.303E-04 -1.897E-05  9.413E-05 -5.438E-04 -8.518E-05 -7.675E-04 
 1.574E-09  1.339E-04  1.451E-04  6.772E-04  1.540E-04  4.458E-05  5.469E-05 -6.278E-05 -3.047E-04  7.361E-05 -1.228E-03 
 1.584E-09  5.519E-05  6.158E-05  2.452E-04  7.099E-05 -1.573E-05  1.562E-04 -1.553E-04  2.072E-04  1.780E-04 -5.750E-04 
 1.595E-09 -5.555E-05 -1.635E-04 -5.341E-04  7.479E-05  1.855E-04  3.626E-05 -2.704E-05  1.461E-04  7.994E-05  4.036E-04 
 1.607E-09 -6.537E-05 -1.912E-04 -3.241E-04  1.591E-04  3.280E-04 -7.830E-05  1.483E-04 -4.901E-04 -1.403E-04 -3.398E-04 
 1.611E-09 -3.928E-05 -1.261E-04 -2.329E-05  1.649E-04  3.206E-04 -2.557E-05  1.502E-04 -6.218E-04 -2.002E-04 -7.811E-04 
 1.617E-09  6.758E-06 -6.901E-06  4.664E-04  1.371E-04  2.845E-04  1.019E-04  1.003E-04 -6.407E-04 -2.589E-04 -1.241E-03 
 1.634E-09  3.213E-05  4.649E-05  2.411E-04 -1.004E-04  3.155E-04  1.361E-04 -1.237E-04  2.213E-04 -1.622E-04 -3.414E-04 
 1.649E-09 -4.063E-05 -1.735E-04 -7.167E-04 -7.553E-05  4.205E-04 -8.063E-05  3.625E-06  9.755E-05  3.611E-05  2.124E-04 
 1.660E-09 -2.150E-05 -6.460E-05 -6.756E-05  1.039E-04  3.307E-04  5.451E-06  9.674E-05 -5.382E-04  3.753E-05 -1.975E-04 
 1.665E-09 -1.944E-06  2.192E-05  2.904E-04  1.532E-04  2.935E-04  6.046E-05  7.350E-05 -6.234E-04  1.133E-05 -3.359E-04 
 1.671E-09  1.943E-05  1.164E-04  6.651E-04  1.806E-04  2.718E-04  1.127E-04  7.711E-08 -5.178E-04 -1.995E-05 -3.847E-04 
 1.687E-09 -1.059E-05 -4.313E-05 -9.461E-05  3.138E-05  4.491E-04 -1.007E-06 -1.476E-04  3.382E-04  1.945E-05  1.261E-04 
 1.699E-09 -3.826E-05 -2.338E-04 -6.722E-04 -4.173E-05  5.680E-04 -9.505E-05 -3.860E-05  1.529E-04  2.481E-05  1.310E-04 
 1.712E-09  1.387E-05 -6.904E-05  1.371E-04  4.951E-05  5.007E-04 -2.735E-05  3.480E-05 -5.675E-04 -1.067E-04 -4.449E-04 
 1.725E-09  6.637E-05  1.221E-04  6.723E-04  1.106E-04  3.930E-04  5.828E-05 -9.595E-05 -3.808E-04 -1.515E-04 -5.632E-04 
 1.741E-09  3.086E-05 -1.098E-04 -3.630E-04  9.631E-06  3.954E-04 -1.974E-06 -1.208E-04  3.157E-04  1.620E-05 -1.219E-04 
 1.755E-09  4.274E-06 -2.161E-04 -3.987E-04  1.246E-05  4.220E-04 -3.013E-05  6.810E-05 -1.689E-04 -5.135E-06 -4.205E-04 
 1.770E-09  3.093E-05  6.435E-06  5.552E-04  9.604E-05  3.644E-04  8.276E-05  5.183E-05 -5.709E-04 -1.957E-04 -9.350E-04 
 1.784E-09  2.741E-05 -3.211E-05  6.647E-05 -1.409E-05  3.416E-04  6.868E-05 -1.023E-04  1.426E-04 -7.797E-05 -5.243E-04 
 1.803E-09 -1.614E-05 -1.784E-04 -4.429E-04 -6.899E-05  5.127E-04 -6.313E-05  5.073E-05  1.997E-05  9.209E-05 -1.505E-04 
 1.820E-09 -1.954E-05  5.115E-05  5.663E-04  8.521E-05  4.398E-04  3.501E-05  8.526E-05 -5.299E-04 -1.451E-04 -5.456E-04 
 1.839E-09  1.636E-05 -1.116E-04 -2.915E-04 -5.701E-05  3.615E-04  1.966E-05 -5.529E-05  3.232E-04 -2.152E-05 -2.220E-05 
 1.857E-09  3.842E-05 -1.301E-04 -1.669E-04 -7.323E-05  5.508E-04 -5.276E-05  6.270E-05 -1.729E-04 -1.150E-04  2.333E-05 
 1.878E-09  6.940E-06  5.755E-05  3.837E-04  8.430E-05  2.608E-04  4.234E-05 -4.136E-05 -2.741E-04 -1.211E-04 -3.523E-04 
 1.884E-09  7.944E-06 -2.315E-06  7.994E-05  7.651E-05  2.002E-04  3.397E-05 -8.276E-05  5.408E-05 -4.954E-06 -2.096E-04 
 1.892E-09  1.996E-05 -1.049E-04 -2.846E-04  4.021E-05  2.292E-04 -8.175E-06 -7.141E-05  3.193E-04  9.691E-05  3.466E-05 
 1.898E-09  3.044E-05 -1.537E-04 -3.901E-04  1.114E-05  3.057E-04 -4.051E-05 -2.080E-05  2.944E-04  1.037E-04  1.593E-04 
 1.902E-09  3.401E-05 -1.566E-04 -3.284E-04 -5.078E-06  3.712E-04 -5.379E-05  3.131E-05  1.347E-04  6.644E-05  1.768E-04 
 1.914E-09  1.196E-05 -4.634E-05  1.587E-04 -4.172E-06  4.040E-04 -1.783E-05  1.050E-04 -4.004E-04 -7.722E-05 -7.640E-05 
 1.924E-09 -2.222E-05  4.130E-05  3.485E-04  1.821E-05  2.768E-04  4.717E-05  4.915E-05 -4.299E-04 -1.067E-04 -3.429E-04 
 1.936E-09 -2.194E-05 -2.512E-05 -5.909E-05  1.841E-05  1.815E-04  6.302E-05 -5.110E-05  1.361E-04 -2.040E-05 -2.842E-04 
 1.949E-09  2.506E-05 -1.358E-04 -3.348E-04 -1.238E-06  2.855E-04  2.019E-05 -4.306E-06  3.079E-04  1.645E-05 -1.050E-06 
 1.965E-09  2.243E-05 -4.034E-05  1.611E-04  4.335E-05  3.169E-04  4.654E-05  1.046E-04 -3.722E-04 -3.158E-05 -7.930E-05 
 1.969E-09  1.120E-05 -1.141E-05  2.187E-04  6.445E-05  2.876E-04  6.123E-05  9.225E-05 -4.230E-04 -3.540E-05 -1.394E-04 
 1.980E-09 -1.274E-05  7.546E-06  1.524E-04  1.054E-04  2.058E-04  7.686E-05 -5.646E-07 -1.881E-04 -2.801E-05 -2.171E-04 
 1.996E-09  3.104E-05 -1.232E-04 -2.194E-04  3.970E-05  2.503E-04  1.332E-05 -5.601E-05  2.847E-04 -2.961E-05  1.339E-04 
 2.002E-09  4.976E-05 -1.439E-04 -1.971E-04  5.146E-06  2.867E-04 -3.249E-06 -1.939E-05  1.866E-04 -3.830E-05  2.705E-04 
 2.020E-09  1.813E-05 -1.111E-05  1.494E-04  3.804E-05  3.021E-04  2.923E-05  5.082E-05 -3.823E-04 -5.250E-05 -2.097E-04 
 2.034E-09 -1.328E-05  1.401E-05  4.377E-05  1.067E-04  2.339E-04  2.812E-05 -4.141E-05  1.643E-05 -4.308E-05 -2.663E-04 
 2.049E-09  2.078E-05 -1.005E-04 -1.371E-04  3.949E-05  1.796E-04 -1.319E-05 -3.338E-05  2.701E-04 -3.997E-05  1.699E-04 
 2.069E-09 -2.108E-06 -4.437E-05  8.999E-05 -8.757E-06  2.221E-04  2.288E-05  6.907E-05 -3.177E-04 -4.036E-05 -1.776E-04 
 2.085E-09 -2.687E-05  1.011E-05  6.223E-05  3.190E-05  2.105E-04  3.690E-05 -2.350E-05 -1.536E-05 -5.619E-05 -1.863E-04 
 2.109E-09  2.402E-05 -8.983E-05 -6.273E-05  1.202E-05  2.154E-04 -8.980E-06  8.168E-06 -1.774E-05 -2.492E-06 -8.943E-07 
 2.129E-09 -3.179E-05  1.624E-05  1.015E-04  5.110E-05  2.989E-04  1.548E-05  1.437E-05 -2.363E-04 -4.194E-05 -2.085E-04 
 2.150E-09  1.772E-05 -9.048E-05 -4.049E-05  2.221E-05  2.038E-04 -1.819E-06 -2.618E-05  1.694E-04 -5.391E-05 -1.175E-04 
 2.172E-09 -1.382E-05 -2.092E-05  4.659E-06  3.266E-05  3.843E-04 -1.200E-07  6.327E-05 -3.244E-04 -3.260E-05 -2.410E-04 
 2.198E-09  7.040E-06 -7.048E-05  3.676E-05  4.987E-05  2.131E-04  9.797E-06 -2.630E-05  1.165E-04 -2.985E-05 -1.762E-04 
 2.226E-09 -2.770E-05 -1.413E-05  4.510E-05  7.635E-06  3.585E-04 -1.571E-05  3.557E-05 -2.715E-04 -8.355E-05 -3.053E-04 
 2.256E-09  1.509E-05 -9.068E-05 -8.248E-05  3.117E-05  3.533E-04 -1.537E-05 -1.093E-05  4.867E-05 -2.966E-05 -2.077E-04 
 2.286E-09 -2.001E-05 -3.596E-05  1.580E-04  6.038E-05  3.246E-04  6.479E-06  3.431E-05 -1.605E-04 -6.079E-05 -3.620E-04 
 2.316E-09  1.357E-05 -4.819E-05 -1.333E-04 -8.899E-06  4.620E-04 -1.702E-05  5.319E-05 -1.446E-04 -4.273E-05 -3.215E-04 
 2.329E-09 -2.041E-05 -1.158E-05  7.830E-05  7.019E-06  4.113E-04 -1.278E-06  5.335E-05 -2.591E-04 -5.401E-05 -3.761E-04 
 2.341E-09 -1.685E-05 -3.477E-05  1.672E-04  4.804E-05  3.658E-04  1.711E-05  4.539E-06 -1.189E-04 -5.460E-05 -4.183E-04 
 2.371E-09  9.111E-06 -5.468E-05 -7.660E-05  6.508E-06  3.544E-04 -9.202E-06  4.111E-05 -1.721E-04 -5.868E-05 -3.010E-04 
 2.394E-09  7.559E-06 -4.443E-05  1.498E-04  6.084E-05  3.704E-04  3.572E-05 -1.905E-05 -8.610E-05 -6.015E-05 -3.901E-04 
 2.424E-09  3.061E-06 -5.814E-05 -5.439E-05  2.119E-05  3.552E-04  2.999E-06  3.458E-05 -1.651E-04 -2.557E-05 -2.396E-04 
 2.454E-09  8.867E-06 -5.006E-05  4.829E-06  4.631E-05  3.311E-04  1.895E-05 -1.464E-05 -3.785E-06 -7.097E-05 -3.082E-04 
 2.484E-09  4.471E-06 -4.527E-05  1.050E-04 -2.262E-06  3.992E-04  3.110E-05  2.167E-05 -2.025E-04 -4.158E-05 -2.655E-04 
 2.514E-09  3.575E-06 -6.709E-05 -5.868E-05  3.637E-05  3.041E-04  1.565E-05 -1.090E-05  1.690E-06 -4.543E-05 -1.965E-04 
 2.544E-09  6.219E-06 -3.274E-05  9.910E-05  3.494E-05  3.041E-04  2.926E-05 -2.080E-05 -1.403E-04 -1.009E-04 -2.620E-04 
 2.574E-09  4.679E-06 -6.801E-05 -4.274E-05  4.220E-06  3.347E-04  1.404E-05  1.473E-05 -7.161E-05 -2.029E-05 -1.099E-04 
 2.590E-09  6.108E-06 -3.641E-05  6.669E-05  3.171E-05  2.889E-04  2.855E-05  1.913E-05 -1.725E-04 -7.424E-05 -2.025E-04 
 2.606E-09  4.090E-07 -4.322E-05  1.255E-05  3.464E-05  3.028E-04  2.945E-05 -8.337E-06 -2.745E-05 -5.728E-05 -1.898E-04 
 2.636E-09  2.036E-05 -6.220E-05  5.448E-06  3.811E-05  2.789E-04  8.720E-06  2.203E-05 -1.774E-04 -3.093E-05 -1.074E-04 
 2.664E-09  8.974E-06 -7.039E-05 -1.724E-05  2.988E-05  3.268E-04  1.430E-06  2.462E-06 -3.197E-06  2.053E-06 -1.268E-04 
 2.694E-09  2.437E-05 -7.264E-05  3.236E-06  5.394E-05  2.982E-04  1.116E-06  3.612E-05 -1.626E-04 -9.721E-06 -1.936E-04 
 2.724E-09  2.725E-05 -7.318E-05 -7.086E-05  6.027E-05  2.382E-04 -8.430E-06  1.707E-05 -3.497E-05  1.598E-05 -1.614E-04 
 2.754E-09  3.140E-05 -5.683E-05  3.863E-05  7.545E-05  3.345E-04 -1.620E-05  2.660E-05 -8.944E-05  1.907E-05 -2.455E-04 
 2.784E-09  5.524E-05 -7.654E-05 -3.526E-05  6.763E-05  2.188E-04 -2.605E-05  4.113E-05 -1.274E-04 -4.947E-06 -2.801E-04 
 2.814E-09  2.340E-05 -6.098E-05  3.690E-06  8.669E-05  1.283E-04 -3.187E-05  2.738E-05 -2.559E-05  2.040E-05 -3.074E-04 
 2.844E-09  2.235E-05 -5.305E-05  3.313E-05  8.924E-05  2.001E-04 -2.410E-05  3.356E-05 -1.175E-04  2.109E-05 -3.319E-04 
 2.873E-09  1.718E-05 -6.688E-05 -5.673E-05  5.901E-05  8.037E-05 -2.391E-05  2.333E-05 -6.334E-06  9.125E-06 -2.809E-04 
 2.901E-09 -1.314E-05 -2.457E-05  7.605E-05  9.078E-05  1.003E-04 -2.328E-05  3.659E-05 -5.799E-05 -1.952E-05 -2.825E-04 
 2.931E-09  5.046E-06 -5.568E-05 -1.475E-05  7.895E-05  1.234E-04 -2.390E-05  2.438E-05 -5.359E-05 -2.777E-06 -2.854E-04 
 2.961E-09 -7.335E-06 -3.001E-05  2.167E-05  6.543E-05  7.409E-05 -3.172E-05  1.454E-05 -6.342E-06  9.198E-06 -2.331E-04 
 2.991E-09 -7.882E-06 -3.045E-05  6.942E-05  9.161E-05  5.808E-05 -2.539E-05  3.439E-05 -7.439E-05 -2.091E-05 -3.066E-04 
 3.000E-09 -1.144E-05 -1.762E-05  7.521E-05  7.778E-05  5.352E-05 -3.011E-05  2.811E-05 -4.569E-05 -8.345E-06 -2.724E-04 
